(0) (16) (32) (48) (64) (80) (96) (4) (20) (36) (52) (68) (84) (100) (5) (21) 
(0) (16) (32) (48) (64) (80) (96) (4) (20) (36) (52) (68) (84) (100) (5) (21) 
(16 0) 
(16) 
(16 0) 
(32 16) 
(32) 
(32 16) 
(48 32) 
(48) 
(48 32) 
(64 48) 
(64) 
(64 48) 
(80 64) 
(80) 
(80 64) 
(96 80) 
(96) 
(96 80) 
(4 96) 
(4) 
(4 96) 
(20 4) 
(20) 
(20 4) 
(36 20) 
(36) 
(36 20) 
(52 36) 
(52) 
(52 36) 
(68 52) 
(68) 
(68 52) 
(84 68) 
(84) 
(84 68) 
(100 84) 
(100) 
(100 84) 
(5 100) 
(5) 
(5 100) 
(21 5) 
(21) 
(21 5) 
