(42) (30 23) (68 98) (11) (38) 
(23 46) (74 37) (94) (51 60) (38 6) (77 43) (49 40) (80) 
(3 60) (19 60) (6 54) (2 52) (83 28) (39 62) (57 73) (85) (44 51) 
(6) (8 81) (77 27) (15) (98 20) (56 1) (44) (99 76) (96 48) (82 68) (5 10) 
(20 2) (44 3) (67 92) (96 48) (75 61) (23 30) (28 19) (90 85) (49) 
(29 75) (78) (17 72) (89 25) (59) (44 35) (80 16) 
(16 80) (20 82) (85 26) (51 60) (1 24) 
(74 85) (13) (69 74) (3 92) (87 30) (37 58) (24) (59) (44 51) (41 73) 
(51 60) (13 91) (79) 
(15 79) (74 69) (60 67) (46) (33 88) (26 21) 
(58 21) (58 85) (66) 
(58) (8 97) (99 60) (0 32) (52 18) (81) (16) (34 36) 
(36 82) (84) (73 89) (92 51) (86 6) (38) (0) (66 4) (14) (55 94) (36) 
(60 51) (30) (40 65) (89 25) (98 68) (76 51) (35 44) (87 46) 
(89 57) (68 34) (15) (59 61) (98) 
(98 52) (78 71) (66 36) (77 27) 
(36 34) (90 85) (32 96) (75) (92 67) (64) (42 53) (31 15) 
(31) (76 83) (85 74) 
(19 76) (78 71) (50 36) (35 44) (22 70) (8 1) (29 11) (79) (61 43) (14 87) 
(68 50) (21 90) (55) (23 62) (82 36) 
(23) (62) (16 48) (28 83) (19) (57 89) 
(89 41) (69 26) (47) (63) (36 82) (49 88) (67 44) 
(49) (29 91) (76) (81 8) 
(13 91) (85 90) (78 87) (52) 
(78 23) (15 31) (64) (25 57) (22 54) 
(22 70) (10 69) (76 51) (39) 
(51 92) (61) (14 87) (34 68) (36 50) (1 88) (84 18) 
(4 50) (96) (35 60) (28 67) 
(12 67) (57 9) (13 91) (38 22) (88 33) (53 58) (39 62) (32) (70 86) (40) (17 24) (79) (77) (47 15) (99 76) (75 45) (59 93) 
(6 86) (25 9) (15 31) (91 45) (24) (0 96) (39 14) (20 18) (93 27) (57) (58 37) 
(41 9) (16 48) (71 62) (67 76) (25 57) (78 7) (29 11) (39 46) (23 14) (59 77) (97 40) 
(55 62) (45 11) (92) (0 48) (12) (58 21) (32 16) (83) (44 19) 
(21) (10 21) (91 61) (16 0) (27) 
(48 0) (35 44) (12 19) (60) (84 34) (70 86) (77) (29 59) (45 11) (38) (91) 
(19 28) (33 56) (37) (7 46) (0 64) (49 8) (70) 
(10 37) (1 56) (11) (81) (46 7) (64 0) (71 14) (94 87) (22 54) (79) 
(71 30) (92 83) (54 70) (78 87) (12 51) (36 2) (57 73) (43) (0) 
(6 54) (23 62) (61) (83 60) (64 48) (50 36) (55 14) (34 84) (98) (91 29) (30 71) (79) (9 73) (16 80) (92) (33) (52) (81 40) 
(34) (75) (17 56) (35) (54 6) (26) (84) (95 47) (46 23) (34) 
(15 95) (35 12) (51 60) (22 86) (44) (11 77) (28 19) (4) (82) (27 93) (50 36) 
(27) (77 43) (58 53) (9 57) 
(58 5) (38 6) (89) (64 32) (9 73) (24 33) (35 12) (18) (45 43) (60 51) (13 11) (93 27) 
(9 25) (82 84) (58 85) (80 96) (25 73) (45 91) 
(96 80) (31 47) (81) (61) (76) (22 86) (82) (50 84) (63) (26) (7 46) (38 6) (58 69) (17 88) (80 32) (23) 
(84 2) (14 7) (62 87) (16 64) (76 67) (88 17) (8 49) (23 78) 
(71 78) (84 18) 
(84 66) (58 5) (43 77) (34) (76 35) (60 3) (2 68) (38 86) (80 16) (8 33) (82 84) (45) (26 53) 
(76 67) (14 39) (15 31) (68 50) 
(15 79) (88 65) (76 35) (61 75) 
(88 17) (0) (21) (65 88) (91) (18 52) (66 20) (28) (62) (80) (32 96) (27 45) (8 49) (25 57) (87) 
(18) (57) (40 17) (64 80) (32 48) (37 58) (71) (60 99) (82 84) 
(33 40) (86 38) (39) (49 72) (58 37) (75 29) 
(30 39) (41 57) (70 6) (52 82) (3 76) (89 25) (80 96) (20) (9 73) (55 94) (16) (24 1) (21 10) (74 37) (46 23) 
(55 62) (13 11) (83 60) (91 77) (29) (98 84) (97) 
(59 77) (86) (94 23) (43 13) (82) (91 61) (95 79) (18 36) (41 9) (85) (87 30) (62) 
(9 89) (62 7) (85 10) (18 20) (24 81) (3 12) (21 26) 
(84 18) (43 29) (67 60) (80 96) (66 4) (44) 
(96 80) (97 24) (65 40) (92 67) (95 47) (34 36) (25) (53 74) (68 50) 
(68 34) (31 47) (27 61) (78 39) (14 87) (7 30) (45) (49 8) 
(23 78) (49 8) (3 12) (23 14) (54 86) 
(12 67) (37 90) 
(90) (46 55) (91 93) (59 13) (90 53) (24 33) (77) (49) (71 30) (84 98) (23 94) (37 42) (58) (48 0) (4 50) 
(82 4) (60) (62 55) 
(3 60) (47 15) (2 36) (97 72) (22 86) (64) (62 71) (91 13) (44 99) (12 19) (25 9) 
(25 89) (26) (25 57) (64 32) (50 84) (97 40) (49) 
(50 20) (52 34) (61 11) (24 17) (70 22) (28) (72 49) (47 31) (68) (7 14) (64) (55) (84 82) (19 92) 
(2 52) (6 70) 
(22 6) (48 80) (99 60) (49 24) (50 52) (79 95) (33) (29 11) (23) (40 65) (37 74) (90 85) 
(49) (6 54) (20 82) (84) (80 32) 
(82 84) (1 40) (98) (11 93) (65 88) (72 49) (37 90) (73 9) (19 60) (26) (29 75) 
(9) (77 91) (15) 
(15 63) (26 5) (24 81) (34 20) (78 7) (51 60) (28 83) (32 0) (44) (13) 
(96 0) (2 4) (14) (33 72) 
(33) (45 75) (16) (26) (5 90) (9 41) (58 69) (72 49) (87 30) (27 77) (81) (31 63) (55) (61 43) 
(77 11) (13) (63) (1 56) (19 12) (64 80) (76 83) (15 31) (21 10) (5) (48 0) 
(59 13) (82) (99) (29 43) (73 9) (31) (0 48) (13) (51 28) (75 45) (65 72) (95 47) 
(99 28) (65 24) (55 14) (69) (54 38) (45 27) 
(27 29) (71 94) (60 35) (75 61) (5 10) 
(75 93) (99 28) (87) (61 43) 
(87 46) (27 29) (21 74) (51 60) (33 24) 
(27 45) (56 97) (78 71) (55 30) (77) (28 67) (31) (69) (4 50) 
(68 50) (48) (86 22) (24 65) (61 75) 
(61 11) (77 11) (23 62) (93) (14 39) (41 57) (4 18) (49) (44) (9 25) (70 86) 
(39) (3 12) (20) (91 77) (27 61) (96 64) (75 29) (71 94) (36) (65 24) 
(65) (2 4) (59 77) (99 92) (23 30) (75 29) (10 37) (26 69) 
(4) (93 11) (73) (12) (64 0) (79) (31 15) (16 48) (87 46) (26 69) 
(31 79) (11 13) (34 4) (70 6) 
(6 22) (17 88) (30 7) (21 90) 
(17 40) (41 9) (70 22) 
(22) (17 40) (46 39) (93) (50 68) (51 28) (2) (42 21) (23 14) 
(28 67) (7 30) (70 86) (28 3) (60 99) (89) (1 72) (79 47) (26) (90 21) (98 84) 
(21 74) (36 2) (95 79) (85 58) (19 76) 
(95) (55 30) (40 97) (73 41) (63 15) (50 20) (31 47) (1) (61 11) (87) 
(30) (99 12) (88) (50 52) (87 94) (77 91) (51 76) (32 0) (68 98) (39 30) (53 90) (43 29) (34 20) (25) (3 92) (35) (28) 
(87 78) (39 94) (23 62) (45 27) (61 91) (54) (24) 
(39 94) (95 31) (32 64) (1 40) (66 84) (67 44) (80 48) (11 29) (61) 
(80) (74 37) (89 73) (4) (43 77) 
(4 82) (89 73) (63 47) (62) (95 79) (8 1) 
(15 63) (94 55) (19) (49) (3 44) (70 22) (18) (1 40) (10 85) (33 56) (99) (39 46) (43 29) (66) (9 25) 
(43) (16 0) (29 27) 
(27) (1 40) (21 10) (70) (91 13) (32) (44 83) (79 47) (67 12) (64 48) (97 56) (18 4) (68) (53) (76 35) (87 46) (17) 
(60 83) (66) (23) (77 75) (73 41) (79 15) (82 52) (96 0) (84 18) 
(96) (19 44) (92 35) (39 30) (16) (81) (64 0) (14) (65 8) (76) (18 68) (75 77) (82 20) 
(4 18) (10 5) (99 44) (63) (27 93) 
(47 63) (96 80) (39) (8 65) (42 5) (50 52) (91 45) 
(16 96) (17 40) (0 16) (41 9) (64 48) (96) (28) (58 69) (93) 
(58) (71 94) (33 40) (65) (63) (41 9) (38 6) (0 64) (78 87) (81 72) 
(72 97) (46 87) (21 58) (84 82) (3 60) 
(46 87) (54 6) (90 85) (45) 
(6 86) (82 84) (55) (56 65) (78 7) (52 2) (3 92) (51 60) 
(46 55) (36 2) (82 20) (94) (84 98) (6 38) (22) 
(84 2) (15 95) (76 67) (43) (46) (26) (73 89) (83) (17 24) (19 60) 
(63 15) (72 97) (27) (84 98) (38 70) (91 93) (69 90) (9 57) (46 39) (28) (30 71) (8) (67) (34 20) 
(54 70) (68 50) (19 92) (31 79) (34 4) (28 51) (59 61) (3) 
(18 68) (2 36) (68 50) (96 64) (53 58) (88) (87 62) 
(52 2) (78 87) (29 75) (19 92) (30 71) (61 27) (20 82) (63 95) (89 73) 
(82 36) (81 8) (54 38) (18) (73 41) (9 89) (71) (74 69) (20 66) (44 51) (77 91) (32) (3 76) (95 15) (35 60) (4 50) (87 62) 
(41) (4 66) (23 62) (94) (76 3) (15 79) 
(79 63) (27 77) (87 30) (18 4) (92) (54 70) (89 57) (72 1) (67) (86 22) (46) (65 56) (15 79) (35 12) 
(30 7) (91 45) (20 18) (23 94) (88 1) (33 56) (16 96) (38 70) (51 12) (42) (46 87) (63) (48) 
(51 76) (41) (69 26) (63 79) (44) (75 61) (72 1) 
(9 41) (47) (82 4) (39 78) 
(31 47) (22) (27 29) (42 53) 