(66) (9) 
(33) (86 38) (87 94) 
(75 13) (23) 
(15 47) (82) 
(66 68) 
(56 1) 
(94) (9 57) 
(74) 
(11) (71) 
(71 94) (48) 
(38 86) 
(21) 
(99) 
(46) 
(99 28) 
(18 4) 
(9) 
(53 74) 
(0 96) 
(72 81) 
(67) (98 68) (32) 
(20 66) 
(52 2) 
(7 46) 
(82) 
(34 52) 
(56) (44 83) (61 11) (73) (12) 
(66 68) (85 26) (54) 
(66 4) (47) (53) (8 81) 
(29) (34 68) (80 48) 
(69 42) (83 44) 
(27 45) (89 41) (94) 
(47) 
(8) 
(27 93) 
(84 82) 
(57 25) 
(31) 
(86) 
(41) 
(31) 
(33) 
(39 62) (53) (56 49) (4 50) 
(36 34) (62 87) (56 1) (96) (17 88) (97) 
(43) (94 23) 
(60) 
(39 46) (62 7) (39 46) (52 18) 
(8 65) 
(65 88) 
(68 66) (47 31) 
(44 3) 
(58) 
(82 68) 
(76 35) 
(95) (23) 
(93 11) (42 85) (80) (22) (56 33) 
(81 88) 
(86 22) 
(71 14) 
(80) 
(5 90) (48) 
(49) (49 88) (98 84) 
(93 27) (55) (94 39) 
(38) (21) (72 49) (32) (14 55) (7 46) (53 58) 
(7) (78 39) 
(82 4) (66) (96 0) 
(62) (78 7) (14 23) 
(87 14) (82 84) (31) (11 13) (71 78) (40 1) 
(70 22) (93 59) 
(52) (0) (37 90) (12 19) 
(31) 
(3 28) (22) 
(83 92) (47 79) 
(33 40) 
(63 31) (64 48) (99) (33 8) (73 9) (61 43) 
(96) 
(95 63) 
(59 77) (85 42) (10) 
(56 49) 
(83 92) (83) (54) 
(19) 
(47 31) 
(10 53) 
(50) (35 44) (97) 
(98 20) 
(29 27) (77) 
(69) (83 28) 
(88) 
(42 85) (19 12) (78) 
(99) 
(10) (84) (38 54) 
(76) 
(6 54) (61 11) 
(68) 
(90 5) 
(81 88) 
(10) (60) (16 32) 
(58 85) 
(1) (36) 
(71 30) 
(14 71) (15 31) 
(24 33) (29) (20 34) (48 32) (4) (26) 
(40) 
(23 62) 
(61) (84 98) (90 85) (86) (92 51) (14) (42) 
(94) 
(48 80) (78 39) 
(27) (13 27) (58) (41 73) 
(33) (48 16) 
(70 86) 
(43 77) 
(41 73) 
(44 19) 
(95) 
(74 37) 
(7) 
(92) (32 96) 
(0 32) (65 72) (9 25) 
(93) 
(96) (84 66) (74) 
(89) 
(48) 
(59 61) 
(55 46) 
(17) (65 56) 
(75 13) 
(3 76) (22) (68) (80) 
(5 58) 
(2) 
(53 42) 
(9 57) (58) (16) (31) (89 73) 
(86 38) 
(24) (23 78) (39) 
(12 3) (59 77) 
(67) (17) (60) 
(9 57) 
(92 51) 
(99) (47 63) (51 12) 
(54) 
(71 46) (82) 
(58) (2 36) 
(26) (21 90) (60) 
(43 77) 
(87) (12) (26 53) 
(89) 
(29 59) 
(6 22) (81 72) (45 43) 
(53) 
(74 5) (93 11) (2) (61 75) (59) 
(53) (49 24) 
(68 2) 
(41) 
(75) 
(51 44) 
(58 53) 
(13) (3) 
(16) (17 56) 
(56) 
(59 61) (24) (68 66) 
(54) (67) (33) 
(33) 
(7) (13 27) (88) (43) 
(23 14) (34) 
(40 1) 
(75 61) 
(23 78) 
(5) 
(40 1) (74 21) (34 4) 
(92 67) (84) 
(72) 
(33 24) (7) (32) (21) (86) (11) (28 19) (93) (52) (63) (74) (75) (82 68) 
(97) (15 95) 
(46 55) 
(37) (56 65) (37 90) (27 29) 
(57) 
(78 23) (16) 
(74 37) 
(31) 
(70 6) (82) 
(76) 
(62 87) 
(99 60) 
(37) 
(50) 
(95 63) 
(5) 
(90 53) (26) 
(43 61) (38 86) 
(18) (76) 
(98 36) (92 35) (72) (60) (1) (18 20) 
(4) (29 59) 
(91) (14 87) 
(12) (94) 
(10 69) 
(42) (93 11) 
(93) 
(47) 
(14) (23 46) (42 85) (84 66) (1) 
(44) (55 62) 
(14 55) 
(10) (9) 
(46 23) 
(10) 
(87 94) 
(78 71) 
(12) 
(24) (66) 
(53 26) (48) (58 53) (92 51) (64) (65) (97 72) 
(67 12) 
(32) (61) 
(65 88) 
(30 87) 
(7) (51) 
(1) (38 70) 
(47 63) 
(60 19) (45) (51 44) 
(41 25) (75) 
(8) 
(1) (91 45) (96 32) (22 6) (93) 
(6) (74) (73) 
(62 71) 
(66) 
(2 84) (93 11) (50 20) 
(32) 
(31 15) 
(44) 
(78 71) 
(4) 
(87) 
(19 60) 
(69) (32) (6 54) (1) 
(57) (56) (82 36) (98 68) (6) (90) (81) (26 37) 
(33) (76) 
(83 60) 
(28) (18) 
(96) (50 36) (75) 
(33) 
(97) 
(10 21) (50) 
(45) 
(76 99) (22) (14) (20) (64) 
(30 87) (77 59) 
(53) 
(86) 
(97 40) (18 84) (22 6) 
(27 45) (78) (65) (37) 
(68) 
(3) 
(23) 
(81 24) (15 31) (52 66) 
(85 26) (90 69) 
(24) 
(86) (98) 
(92 3) 
(97 24) (33 72) 
(47 63) (52) 
(35) 
(97 40) (99) (17 24) (59 77) (79 95) (88) (48 96) 
(77) 
(44 51) (80) 
(40 65) 
(89) (87) (37) (64 96) (80 16) (76 83) 
(29) (42) (61 43) 
(48) 
(44) (48 16) 
(77) (25 9) (29) 
(60) (54 6) (26 5) 
(41) 
(1 8) 
(58 21) 
(95 63) (57 9) 
(70 86) (55) 
(86) (54) 
(22 54) (29) (39) (17) (93) (30) (90 21) 
(83 60) (35 76) (42 5) (22 54) (66) 
(84 98) (22) 
(95) (44) (54 38) 
(75) 
(90 37) (34) (58) 
(32 80) 
(4 66) 
(91) 
(10 37) 
(79) (94 87) (66 36) 
(56) (26) (74 53) (32 96) (20) 
(47 95) (18) (99 12) 
(46 71) (25 57) (45 11) (85 58) 
(44) 
(46) (57) (43 61) 
(7) 
(27 13) 
(89) (60) 
(68) (91 77) 
(31 63) 
(63 95) (16) (95 47) (70) (60 99) (32 48) 
(69 58) (13 43) (9 25) 
(93 43) (45 75) (84) 
(25 73) 
(12 99) (41) (49 24) (25 57) (60) 
(89) (20 50) 
(26) 
(55) 
(59 45) 
(44 83) (58) 
(30) (40) (25 41) 
(46 71) 
(14) (69 10) 
(42 69) 
(47) 
(80 64) (28) 
(16) (23 46) (24) (82 84) (44 99) 
(75 45) 
(74 21) (42 21) (0 48) (35) (6) 
(59) (75 45) 
(23 78) (90) (86) (15) (67 44) 
(56 33) 
(29 27) 
(35) (32) (74 69) (71 14) (68 50) (4) 
(9 41) 
(7) (96) (41 25) (86) (16 0) 
(52) 
(68 18) (69 74) 
(28) (99) (15 47) 
(79) 
(49 8) 
(86 54) 
(57 41) (80) (87) (44 19) 
(30 87) 
(56) (51 92) 
(84 2) 
(86) 
(44) (30) 
(58 21) 
(43) (80) 
(99) 
(35) (10) 
(96) 
(82 20) 
(48) (12) 
(76) 
(48 0) 
(49 8) (42 53) (86 22) (78) (12 19) 
(22) (99 92) (83) (40 81) (12) (70 38) 
(86) (84 18) 
(83 60) (30) (31) (9 73) 
(84) 
(62 39) (29 43) 
(38 70) (44) 
(56) (35) 
(91) 
(55 78) (80 32) 
(71) (61 43) (34 36) (78 71) (16) 
(23) (24) (79) 
(67) (27 13) (99) (1) (41 89) 
(49 56) 
(75) (57 25) 
(47 95) 
(23) 
(98 52) 
(18) 
(5) (95 31) (41 9) (72) 
(80) 
(46 87) (35) (18) (79) (62 71) 
(10) (99 12) 
(60 35) (2 52) 
(59) 
(64) 
(35) 
(43) (29) (19) 
(51) (33 88) 
(47) (16) (15 31) 
(31) 
(21) 
(16 64) 
(35) (23) (1 40) (88) (87) 
(53) 
(66 68) 
(4) 
(97) 
(94 39) (24) (67) 
(85) 
(78) 
(89 25) (33) 
(36 2) 
(66 84) (37) 
(8) (22) 
(37 42) (0) (48) (4) (61) (29) 
(78 71) (76 19) (8 17) 
(3) (63 31) (46) 
(46 39) (28 83) 
(47 31) 
(86) (76 67) 
(50 52) (34 36) 
(36 98) (47 15) 
(30 71) (20) 
(46) 
(26 37) (70 54) (59) (80 48) 
(27) (87 14) (16) 
(67 28) (71) 
(73 25) (25 73) (96 0) (59 61) (62) 
(36) 
(92 19) 
(57) 
(78 39) 
(33) 
(86) 
(50) 
(27) (18 36) 
(65 72) (56 17) (40 81) (39) (74) (52) 
(21 58) 
(54) 
(72) (17 56) (23 94) 
(31 47) 
(63 31) (3) (42 5) 
(46 7) (9 89) 
(71 62) 
(5 26) (81) (33 72) (36) 
(35) 
(73 25) (51) 
(93 27) (51) (15 47) (31) (25) (10) (0) (73) (45 27) (61 91) 
(45 43) 
(62) (26) 
(9) (12) 
(84) 
(92) (7) 
(98) 
(7 14) (60 19) 
(55 46) (69) (76 35) 
(85 10) 
(19 60) 
(91) (56 33) (22) (6) 
(94 87) (97 56) 
(7) (9 57) (35 12) 
(20) 
(42 21) 
(98) 
(78) 
(61 75) (15 47) 
(8) 
(56 81) 
(4 2) 
(26 85) (33 56) (12 83) 
(26) 
(44) (9 41) (96 64) 
(79) 
(18 84) 
(73) (40 1) (53) 
(93) (0 16) 
(91) 
(40 33) 
(30 71) (10) 
(57) 
(32) (60) (5) (3 44) 
(64 0) 
(60 83) 
(71) (17) 
(38) 
(83) 
(4 98) (86) (55 78) (85 90) (47 63) (62) (28 35) 
(39) (18 68) 
(64) 
(34) (57) (14) (71 46) 
(1 8) (63 95) (65) (55 14) 
(48 80) 
(89) (21 10) (40) 
(70 54) 
(17 72) (42 21) 
(14 7) (20 34) (3 76) (41 73) 
(58) 
(13 11) 
(68) (84 18) 
(56 97) (0) 
(87) 
(39) (31) (85) (61) (92 83) (4) (84 98) (8 49) (53) (40) 
(26 69) (82 52) (77) (95 63) 
(26 85) 
(74 69) 
(78) 
(20 34) 
(43) 
(46) 
(15 47) (99 12) (54 22) 
(32) 
(82) 
(93) (49 40) 
(73 89) 
(46 7) 
(91) 
(90) (10 69) 
(68 50) 
(86 70) (82) (37 90) 
(64 48) 