(19) 
(51) (81) (30 39) (43) 
(26) 
(90 21) 
(86) 
(1) (41) (52) 
(94 23) 
(22 70) (65) (35) 
(28) (81 72) 
(89) (56) (92) 
(27 29) 
(83 44) 
(47 31) 
(8) 
(14 55) (55) 
(33) (2) (65) (63) 
(32) 
(63 95) (1) 
(36) (65) 
(66) 
(2) (63 79) 
(79) 
(62) 
(31) 
(12) (35 12) (55 46) (98) (51 92) (66 20) (32 48) 
(18) (17) (23 94) 
(79 95) 
(34) (66 20) 
(28 3) 
(13) (41) 
(86) 
(19) 
(66) (80) 
(58) 
(40) (43 45) 
(8 33) 
(25 41) 
(8 81) 
(75 93) 
(6 38) 
(75) 
(32 16) (70 86) (78) (16 32) 
(6) 
(95 63) 
(40) (89) (8 97) (63) (53) 
(39) 
(85) 
(99 28) 
(26) (25) 
(7) (69) 
(90 37) 
(71 30) 
(7 78) (51) 
(50) 
(9) 
(82) 
(52) (79) 
(99) (79 63) 
(44) (87) (90) 
(24) (98 4) 
(24) (88) 
(90 85) (69 58) 
(79 95) 
(59) 
(1) 
(20) (48) 
(56) (66) (49) 
(29 11) (54) 
(17) 
(40) 
(56) 
(71) 
(33) (90) 
(47 31) (11) 
(77) 
(10) (27 61) (72 49) 
(81 24) (40) 
(73 89) 
(88 49) (80) 
(55) 
(3) (22) 
(22) 
(81 72) (40) 
(80) (38 70) (68) (12 51) (44) 
(85) (77 91) (55) 
(52) 
(48) (95 63) (18 84) (48) 
(16) 
(75) 
(23) 
(22 38) 
(51 44) 
(25 57) 
(29 59) (7 46) 
(19) (91) (20) (33) (90) 
(97) 
(75) (81) (60) 
(23) (74) 
(74) 
(3) 
(95 15) 
(66) 
(84 82) 
(68) 
(46) (53 90) 
(73 25) (76) 
(57) (93) 
(89) (9) 
(0) (90) (38) 
(62 55) 
(78) (23 94) 
(5) 
(43) (88) 
(25 9) 
(42) 
(7) (68) 
(59) 
(51) (68 66) (20) (13) (95) 
(55) 
(57) 
(51 12) 
(36) (28) (55 46) 
(59 77) (5) (65) (92) (25) (96 64) 
(28) (10) 
(37) 
(44) (26) 
(79) 
(89) (35) 
(43) (85 42) (6) 
(93) 
(18) (8) (79) 
(95) (39) (70) 
(28) 
(5) 
(46) (22) (48) 
(1) (80) (91) (95) 
(21) 
(89) 
(35) (76) (81 72) (1 40) (29) (19) 
(29) (19 28) (61) 
(20) 
(9) 
(26) 
(77) 
(11 29) 
(83) (16 96) (92) (76) (30) 
(72 33) (70) (80 32) 
(7) (91) 
(28) (53) (38) (28) 
(97) 
(43) 
(24 97) (26) 
(43) (36) (59) 
(45 59) 
(64) 
(22) (27) (38) (98) (64 96) (47 31) 
(15 31) (75 13) (95 47) (46) 
(58) 
(29) 
(52) (66) 
(26) (29) 
(62) (25 9) (81) (77) (20 66) (67) (28) (86 22) (3) (6) (44 83) 
(20 2) 
(36) (49) 
(51 12) (16) (55 30) (69) (68) (38 54) 
(25) 
(32) (91) 
(85) (24) (95 63) (27 93) 
(70) (59) 
(32) 
(46) (6) 
(77) (34 4) 
(71 30) 
(87) (98) (4) (48 0) 
(85 90) 
(21) 
(15) (46) 
(20) (48 64) 
(95) (15) (94 55) 
(34 52) (70 54) (49) 
(7 62) (20) (18) 
(13) 
(38) 
(3 28) 
(25 9) 
(56) 
(69) 
(81 56) 
(80) 
(35) (74) (19) (80) 
(2) (9) 
(12) (27) (67) (82) (40) (22) 
(44) (9) 
(74) 
(55) 
(57) 
(4) (83 28) (74 21) 
(6 38) 
(29) 
(14) 
(94) (96) 
(97) (63) 
(98) 
(71) 
(95) (21) 
(93) 
(41 9) 
(7) (47) 
(83) (27 77) (74) 
(51) (91) 
(37) (57) (33 8) (67) (39) 
(7) 
(67) 
(51) 
(83 60) 
(9) 
(49) (6) 
(83) (86) 
(97 8) 
(16 80) 
(16) (34) 
(16) (61) (92 83) (90) 
(80) 
(41) (75 61) 
(92) 
(6) 
(69) 
(78) 
(43 93) (62) (35) 
(58) 
(92) 
(74) (79) (56) 
(83) 
(95) 
(51 60) 
(11) (13 27) 
(61 75) 
(84) (29) (90 5) 
(97) (63) 
(88) (53 58) (54) (42) 
(35) 
(45) (88) 
(26) 
(50) 
(24 65) 
(32) 
(11) 
(15) (45) (77) 
(49) (90) (44) 
(44) 
(0) (94) (55 62) 
(36) (4) 
(7) 
(10) (21) (5 10) (22) 
(60) (49) 
(89) (80 48) 
(12 19) 
(97 56) 
(85) (60) (75 45) 
(54 70) (9 25) (92) (39) 
(37) (73) 
(4) (45 11) (98 52) (25) (64) (16) (40) 
(82) 
(2) 
(14) 
(58 37) 
(52 34) 
(88) 
(81 24) 
(70 86) 
(69) (64) 
(31) 
(52) 
(82) 
(8) 
(32 16) 
(91) 
(77) 
(59) (18) 
(41) 
(40 33) (23) (30) 
(26) (61) (30) (81) 
(30 71) (4 34) (63) (58) 
(65) 
(47) 
(23) (52) (42) (9) 
(17) (75) (68) (76) (45) 
(62) 
(76) (63) (55) (32) 
(12 99) 
(45) 
(31 15) (30) 
(45) (76) (92) (75 61) (65) 
(94) 
(17) (89) (18 4) 
(42 5) (73) 
(70 6) 
(66 20) (96 16) 
(78) 
(7) (35) 
(24 65) (50) 
(8) (2) (76) 
(87) 
(0) (16) (94 7) 
(32) 
(46 39) (20) 
(68 2) (21) 
(3) 
(60) (66) (53 58) 
(40) 
(83 60) 
(46 55) (66 52) 
(70) 
(85) (33) 
(57) (24 49) (79) (87) (2) (63) (0 96) 
(52) (10 69) 
(51) (41) (50) 
(49) (73) (90) (67) 
(82) 
(76) (82 20) 
(85) (16) 
(16) 
(99) (97) 
(91 93) (59) 
(16) (57) (11) 
(46) (8) (11 29) (95 79) 
(68) 
(50) 
(94) 
(73 89) 
(72 97) 
(94) (72) 
(63) (4) (90) 
(40) (86) (4) (20 34) (8 17) 
(62) (30) (14) 
(77) 
(11) (77 75) 
(47 15) (10) (56) (60 19) 
(80) (45) 
(59) 
(25 73) (38) (63) (57) (7) (17 88) (75) 
(57) (21) 
(8) 
(89 41) 
(63) 
(59 93) (53) (69 74) (10 85) (9) (81) 
(86) (44 99) 
(59 93) (44 19) 
(76) 
(55) (91 13) 
(66) 
(30 87) (74) 
(84) 
(22 54) 
(10) (82) (16) (31) 
(79) 
(73) 
(67) (62) (6) (31 79) 
(74) (63) (51 12) 
(79) (49) (36) 
(85 58) (25) (75) 
(5) (91) (16 64) 
(18) (98 36) (8) (81) 
(39) 
(63) (37) 
(61) (2) 
(84) (56) (32) 
(39 30) 
(81 72) 
(22) (7) 
(21) 
(83) (51) (59 45) 
(74) (0 96) (52) (2 20) (46 7) (97) (92) 
(0) (16) (43) (42 69) 
(2) 
(23 14) 
(62 7) 
(85) (59) 
(46) 
(34 84) 
(23) 
(66 4) (5) (69) 
(6) 
(20) (28 99) (25) (51) 
(8) (98 20) 
(99) (44) (96) (31) 
(56) 
(95) 
(22 86) (70) (83) 
(9) 
(86) 
(62) (20) 
(71) (63) (36) 
(98) 
(48) (47) (31) (27) 
(30) (59) (16) 
(51) (4) (72) 
(52) 
(57) (61) 
(88 17) (72 1) 
(2) (62 23) (65) (82) (64) 
(93) (31 95) 
(75) 
(34) (59) 
(81) (44) 
(70) (5) 
(51) (70) 
(32) 
(70 38) (99) 
(62) (13) 
(70 38) 
(27 13) (90) (14) 
(8) 
(86) 
(8) 
(13) 
(72 17) 
(98 84) 
(26) 
(60 99) (65) 
(61) (89) 
(19) (27 45) 
(45 75) 
(43) (32 48) (86 70) 
(74 85) 
(53) (27) 
(64) 
(71) 
(69 10) 
(47) 
(2) (62) 
(8) (97) (99 12) 
(84) (80 64) (85) 
(87 62) (44) (4 66) 
(22 54) 
(38) (0) 
(99) (98) (0) (23) (79 63) 
(19 76) 
(13) 
(53) (11) (19) (30) 
(78) (60) (92) 
(84) (73) (59 13) 
(9 89) (18) 
(63 95) (13) 
(28 51) 
(50) (74 37) (48) 
(99) 
(63) (28) (94) 
(74) 
(71) 
(99) (80) (18 84) 
(43) 
(77) 
(0) 
(65 88) (20) 
(30 23) (66 52) 
(48) 
(71 14) (45) (28) 
(98 36) 
(28) (7) 
(36) 
(4) (50) (2) (78 39) 
(32) 
(79) 
(96) (23) 
(19 76) 
(23) (91) 
(88) 
(49) 
(99) 
(18 20) (90 21) 
(5) (93) 
(49 88) (51) 
(24) 
(7) (24) 
(62) (31 79) (84 66) 
(15 47) (47 95) 
(34) (84) 
(98) 
(74 21) 
(17) 
(54 86) 
(98) 
(59) (78) 
(84 18) (43 77) (22 38) 
(4) 
(84) (76) 
(86 38) 
(12 19) 
(29 91) 
(29 91) 
(87) (6) (89) 
(2 68) (57) (90) (5) 
(48) (79) (37 42) (36) (25) (50) (84) (98) 
(26) (61) 
(67) 
(3) (35 76) (22) (49) (97) 
(1) (39) 
(39) 
(64 16) (91) 
(65) 
(91 61) (89) (62) 
(95) 
(42) (42 85) 
(17) (91) (92) (82 36) 
(0) (35) 
(12 3) (10 85) (24) 
(3) 
(54 22) 
(48) (37) 
(4) (33) 
(49 24) 
(36) 
(33) 