(1) (6 54) (50) (7) (58) (81 72) (46 23) (97) (42 69) (80) (63 95) 
(42) (45) (37) (39 94) (25) (96) (99 60) (59) 
(37 74) (19 60) (5 58) (89 9) (71) (11) (57 73) (47 79) (48) (17 24) (65) (52 66) (50 4) 
(15 79) (97 88) (68) (70 22) (96 32) 
(22 6) (87 94) (80) (98) (50) (0 48) (45 11) 
(87 46) (24 49) (57) (5 90) (3 44) (75 45) (55 94) (50 20) (63 95) 
(63) (73) (55 14) (61 27) (53 42) (59) 
(55) (57) (74) (12) (34 52) (16) (86 38) 
(82 52) (97) (90 85) (34) 
(20 34) (95 31) (66) (26 69) (97 88) (46 39) (93 91) (12 99) (30 71) (13) (32) (68) (65) (28) (54) 
(97) (51 12) (45) (41 89) (20) (59 61) (86 38) (71) (64) (84) (13 91) (46) (16) (55) (27 93) (72) 
(12 99) (67 92) (29) (73 57) (58 53) (86) (40 17) (36 98) (93 91) (65) (38 54) 
(70 54) (0) (17 88) (77 11) (37) (15 47) (85 90) (96) 
(5 90) (70 6) 
(70) (77) (32 80) (36) (42 53) (44) (28 67) (12) (16 96) (19) (0 48) (87) (63) (55 30) (71 94) 
(30) (37 58) 
(37) (73 41) (58) (55) (77) 
(58) (32) 
(32 64) (69 58) (13) 
(13 59) (39) (68) (58 37) (62) (41) (96) (72 17) (90) (13 75) 
(41 25) (51) (7 62) (52) (95) (25 89) (42) 
(42) (33) (77 75) (95) (14) 
(75 13) (33 40) (28 67) (10) (75 93) (48 96) (47 15) (8) (74 37) 
(96) (5 58) (51) (52 98) (21) (31) (83 12) (82 36) (75) (54 22) (28) 
(47 31) (54) (20) (17 72) (15 79) (2) (52) (26 69) (25 89) (58) (87) (29) 
(87) (55 94) (0 32) (23) (3) (75) (90) (16 48) 
(48 64) (61) (55) (84) (85) (47) (76) (7 62) (31) (30) (28 83) (19) (29) (71 46) (68 2) (44) (69 26) (70) 
(7 46) (92) (58 37) (1) (11) 
(74 37) (38 6) (2 52) (17) (11) (63 79) (71) (43) 
(38 54) (30) (69 26) (39) (56 81) (87) (84 50) (15) (53) (18 68) 
(95 15) (29 27) (45 43) (33 8) (10) (40 65) (11) (35) (96) (85) (75 77) (74 21) (68) (79 47) (73 89) (26) (30) (18 84) (60 51) (38) (59) 
(45) (22) (25 57) (92 83) (49 72) (69) (0 48) (85 58) (93 75) 
(45 75) (25 9) (70 38) (32 64) (88 97) (35) (99) (33 72) 
(72 97) (99 12) (52) (20) (59 93) (58 69) (7 94) 
(99) (98 36) (87) (10) 
(36) (19 92) (13) (15 95) (94 39) (22 38) (40) 
(13 11) (76 3) (97) (54 70) (0 32) (5 42) (71 30) (73) (17 72) (8) 
(9 73) (22 6) (31) (46 55) (12 67) (57) (32) (38 86) (54 70) (10 37) (92) (8) 
(92 35) (66) (43) (81) (93 75) (16 0) (96) (27 45) (72 65) 
(66 36) (80 0) (86 22) (50 20) 
(36 50) (88) (39) (76) (97 56) (67 60) (90) (5) (74) (3) (82 36) (22 38) (31) 
(36 2) (71 94) (49) (99) (50 68) (54) (60) (81 24) (96) (9 89) (28 35) (88) (37) (43) 
(88 65) (57 41) (74) (77) (10 21) (67 28) (80 0) (61 59) (45) (86) (11 13) 
(41 57) (38) (89 41) (29 11) (42) (67) (27 61) (87 94) (39) (9) (21) 
(38) (53) (36) (26 69) (97) (76 67) (85 10) (33 24) 
(58 69) (96 32) (13) (22) (25 89) (83) (39) (97) (6) 
(70 22) (63) (57 9) (24) (61) (30) (80 16) (91) (73 89) 
(9 73) (51 12) (8) (21 26) (16) (61) 
(99 12) (63) (65 72) (80) (99 92) (90 21) (30 87) (13) (66 68) (74 85) 
(80) (68) (84) (57) (8) (42) (29 75) (58 5) (91 77) (40) (3 12) (62) (82) 
(3 44) (57) (84) (64 16) (21) (38 86) (77 27) (67) (90) 
(77) (6 22) (48 96) (85 42) (76 19) (88 1) (73 25) (89) 
(73 25) (91 77) (80 64) (15) (27) (67) (33) (98 20) (11) (34 36) (28 19) 
(98 68) (45 59) (15) (55 62) (44 19) (4) (16) (88 33) (98) (26 85) (66 68) (9 73) 
(36 98) (35) (56 81) (66) (8) (33 88) (12) (62 23) (90 21) (92 99) (39 46) (76) 
(88) (82 36) (57) (75 93) (3) (17) (24 65) (72) (21 74) (89) (92 51) 
(81 72) (78 7) (42) (75 93) (24 65) (94) 
(65 88) (23 30) (51) (50) (13 27) (55 62) 
(23 62) (48) (49 72) (83) (32) (73) (5) (55) (46) (56) (30 87) (77) (4 98) 
(49 24) (85) (15 95) (21 58) (23 46) (40) (91) (0) (48) (87) (30) (75) (71) 
(46) (82) (44) 
(20 82) (76 99) (12 3) (58) (65 88) (23) (57 89) (93 75) (18) (69) (14) (49 40) (60 83) (6 38) (63 95) (5 74) 
(63) (41) (10) (28 67) (42) (36 66) (65 40) (22 86) (71) (17) (60 35) (51 92) (2) (97 56) (37 58) 
(88 65) (54) (32 64) (66) (45) (41) (1 72) (58) (79 63) (29) (87 62) (0 80) (28 99) (3 44) 
(41 25) (9 57) (22) (73) (19) (49 8) (53 58) 
(22) (37 10) (75 93) (17 56) (2 68) 
(36 2) (36 98) (59 29) (38 22) (2) (20) 
(98) (27 77) (4 82) (63) (30) (76) (26) (46 71) (37 58) (47) (61) (18 20) 
(26) (44) (56) (34 36) (18 84) (92 99) (38 54) (60) (23 46) (52 50) 
(34 84) (68) (72) 
(68) (65 88) (42 21) (15 31) (95) (58 53) (20) (39 62) 
(53) (12 35) (98 20) (80 96) (3 76) (53 58) (31) (59 45) (14) (70 6) (44) 
(59) (93 43) 
(43 93) (70) (7) (2) (40 65) (0 48) (61) (47 79) 
(68 2) (11 45) (96 64) (95) (40) (69 10) (1 72) (22 38) (31 79) (29 75) (65 88) (16 48) 
(17 40) (32) (99) (50 36) (16 48) 
(96 48) (6) (69 42) (25 73) (85 90) (27) (14 87) (72 1) 
(23 14) (96 32) (85) (51) (5 58) (70) (29 11) (19 12) 
(11 29) (62 23) 
(87 62) (69 26) (73 25) (49) (33 24) (23) (74) (71 78) (98 4) (31) (57 41) (61) (64 80) 
(61 75) (50 68) (10) (20 66) (51) (48 80) (2) (38 6) (96) (31) 
(51 28) (98 52) (57 73) (44) (34 4) (88 65) (17 8) (55) (13) (69 10) (62 71) (42) (61) (47) (24) 
(36 34) (83) (45 75) (77) (70) (80) (42) (94 87) (22) (88 65) (93) (68 66) (57 25) (29) 
(88) (22 70) (93) (64) (2) (37 90) (92 99) (14 71) (34 52) (81 40) (84) (78) (88) (50) 
(54 70) (59) (3 76) (10) (35) (55) (24) (87) (45) 
(81 24) (34) (41 73) (52 50) 
(73) (25 89) (26) (4 66) (63) (14 7) (28 67) (30) (44) (98) 
(26 37) (16) (66 68) (45 11) (73 57) (7 30) (3 44) (12) 
(32 16) (32) (20 18) (2) (72 97) (37 10) (42) (60) (86 54) (84) (68) 
(37) (42) (86 22) (37) (83 28) 
(37 26) (56 97) (25) (47 15) (55) (29 91) 
(15) (62) (95 47) (10) (24) (8 81) (76) 
(81 88) (63) (2 4) (84 18) (67 92) (42 69) 
(2 68) (52 2) (53 58) (22) (31) (12 35) (72) 
(12) (34 84) (11 45) (2) (88 81) (59 61) (50 68) 
(61 75) (10) (51 76) (5 74) (41 89) (90) (48 80) (53 26) 
(76) (74 85) (76) (40) (86 70) (12 67) 
(74) (75 61) (6 54) (24) (23 78) (80 48) 
(62 23) (62) (9) (22 38) (56 49) 
(70 38) (10) (48 0) (31 63) (29 11) (30 71) (91 13) (55) (51) (3) 
(31) (7 78) (70) (82) 
(87 78) (75 13) (39 14) (48 80) (11 61) (6 86) (44) (25 89) (92 99) (30 71) (57) (65 88) (94 55) (4 82) (77) (12 19) 
(92) (33 56) (63 47) (77) (7 78) 
(78) (56 49) (75) (5 74) (89 25) 
(77 75) (71) (89) (40) (32 80) (56 97) (25 57) (9 73) (8) (93) (88) (48 16) 
(41 89) (10) (13) 
(10) (86 6) (7) (96 0) (44) (1 56) (60 83) (93 11) (3 12) (76) (85) 
(51 12) (56 81) (32) (94 71) (63) (59 61) 
(59 29) (33) (32) 
(72 33) (24) (47 95) (19) (51) (27) (68 34) (70 22) (62) 
(62) (85) (33 88) (70) (46) (96 32) (20) 
(34 20) (58) (99) (53) (56 1) (80) (39) (88 17) (94 71) (24 97) (64) (23 46) (47) (92) (25) (3) (85) (65 8) (87) 
(24) (25) (16 32) 
(16 64) (55 14) (60 83) 
(60 99) (38) (56 49) (70) (26 5) (9) (62) 
(26) (36) (58 21) 