(73 47) (41 94) 
(63 44) (13 46) 
(6 19) 
(30 60) 
(59 62) (39) 
(16) 
(83) 
(73 57) (83 59) (65 89) (29 45) 
(57 80) 
(90) 
(50) 
(37 98) 
(66) 
(20) 
(3 70) (97) 
(34) 
(72 37) 
(19 67) (72 89) (33 79) (35 90) 
(33) 
(63) (73 94) (83 3) 
(94 27) 
(85 46) (16) 
(4) (60) (42) 
(82) (53 61) 
(19 40) (83 19) 
(57 51) (18) 
(11 2) 
(44) 
(83) (38) 
(73) (29 27) 
(8) 
(47 37) 
(59 49) 
(18 93) (72 44) 
(11 80) (56) 
(60 52) 
(59) (51 19) 
(68 51) 
(57) 
(33) 
(81 53) 
(12 42) 
(55 66) 
(60 31) 
(42 48) (52 46) 
(59) (67 97) (58 45) 
(8) 
(50) 
(39) (18) (60) 
(84) 
(84 33) 
(76) 
(35 64) (54 47) (57) (80 38) 
(57) (69 93) (40) (79 82) (31) 
(7) 
(29) 
(80 40) 
(24) (35) (60) 
(55) 
(98) (8) (83 84) 
(60) (40) (41) (90) 
(18 87) 
(92) 
(63) 
(0) (8) (96 18) 
(77 81) 
(70 55) 
(49 75) 
(55 78) 
(19) 
(29) (28) (29) (67) 
(94) 
(36 10) 
(59) (84) 
(5) (21 31) (27 55) 
(62) 
(27) (30 42) (75) 
(23) (32 31) (92) (10 5) 
(1) (35) (67 80) 
(33) 
(96) (75) (58) 
(5) 
(37) 
(96) (12 19) 
(29 33) (71 20) (76) (60) (10 59) (34 8) 
(8 1) 
(12 15) 
(11) 
(30 48) 
(70 66) 
(32 85) 
(78 64) 
(82 64) (12 89) (24 71) (88 16) 
(9 19) 
(33) 
(36 6) (84) 
(39) 
(97) (52 81) 
(21) (83 21) 
(42) (67) (9) (18 82) (39) 
(11 2) 
(21) (35) 
(74) 
(64) (4) 
(45 94) 
(14) (33 24) 
(73 36) 
(48) (28) 
(30) 
(52) 
(70) (63 37) 
(97 68) 
(96) 
(32) 
(23) 
(86 63) (3) (84) (92 17) 
(7) 
(37) (33 93) (30) 
(82 12) 
(27 90) 
(22 16) (56 96) 
(52) 
(5 78) 
(2) (33 89) 
(53) (47 64) 
(46) (23 20) 
(40) (35) 
(42) (94) (60) 
(72 20) 
(4) (46 30) (83) (37 18) 
(39) (70 62) (35 49) 
(13) (67 34) (52) (12 14) (56) 
(56 4) (91) 
(41) 
(27 63) 
(26) (81) (29 50) 
(8) 
(79 26) 
(8) 
(43) 
(15) (59 16) (70) 
(39 60) 
(63 28) (51 72) 
(33 38) 
(82) 
(85 61) 
(46 48) (88 19) (10) (4) 
(15 41) 
(56) 
(42) 
(37) 
(85) 
(45) (75 64) (22 59) (34 1) (55 5) (0) 
(9) 
(75 42) 
(33) (35) (38) (63) (56 91) (52) (54) 
(35 4) 
(60) (15 76) 
(90) 
(11) 
(36 24) (2) 
(9) (78) (50 43) 
(8 91) 
(66) 
(10 98) (50 1) 
(71 9) (2) (31 43) 
(80 75) (49) 
(2 34) 
(84) (35) 
(67 49) 
(76 86) 
(83) 
(60) (37) 
(31 36) 
(68) 
(90) 
(99) (64 38) 
(32) 
(89) (97 1) (67 19) 
(0) (75 19) (4 3) 
(2 54) 
(96) (75) 
(41) (33) 
(63) 
(8 99) (46) 
(74 1) (97) 
(45) (79 1) 
(41) 
(22 27) 
(90) (15 96) 
(23) (62) 
(3 40) (21 16) (17) 
(77) 
(87 78) 
(21 6) 
(30 44) (4 79) (87) 
(5) 
(80) (64) (81 17) (87 41) 
(95 10) 
(42) 
(49) 
(22 92) (54 67) 
(32 44) (77) (35 58) 
(85) 
(24) 
(67) (56 70) 
(23 14) 
(63) 
(34) 
(24) (89) (8) (29 46) 
(26) (39) 
(84) 
(46 77) 
(94 19) 
(36) 
(89 86) (93) 
(14 12) 
(22) (67) (5 59) 
(58 86) (3 91) (14) 
(43) 
(76) 
(30) 
(91 66) 
(15 28) 
(1 76) 
(1 53) 
(86) (94) (38) 
(21) (56 31) 
(90) 
(15 26) 
(19 89) 
(36 23) 
(43) 
(78) 
(49 39) (50 97) 
(18 97) (29) 
(23 1) 
(89) (59 25) (0 40) (7 13) (99 76) 
(42) (87) (36) 
(24) 
(38 74) (32) (88) (21 75) (33) 
(16 38) 
(70 47) (33 97) 
(67 75) 
(86 3) 
(52) 
(7 80) (14) (4 24) 
(5 18) 
(54) (22 39) 
(46 57) (12 52) (97) (15 45) 
(8 32) (3 83) 
(34) (55 71) 
(31) (0) (86) 
(1 27) 
(80 81) (52) 
(40 62) (44) 
(85 57) 
(89 97) 
(76) (42 87) (64) 
(72 16) (20 42) 
(96) (9 42) (26) 
(91 99) (85) (13 82) (88) 
(37 17) (65) 
(68) 
(49) (79) (64) 
(6 88) 
(58) (8) 
(10) (42) 
(22 67) 
(85 20) 
(36 60) 
(12) 
(0) (81 57) (27) (64) 
(15) (32) 
(95 6) (21) (2 87) 
(75 48) 
(27 23) (45) 
(92 48) (26 74) (85) (50) (3) 
(55) (11) 
(11 24) 
(76) 
(60 95) (44) (79 71) 
(57 5) (84 2) 
(76) 
(47 60) (65) (45 97) 
(56 65) 
(97) (38 73) 
(36) 
(14 51) 
(96 48) (20 53) 
(18 71) (39) 
(7 8) 
(70) (11) 
(96) 
(92) (25 53) (31 65) 
(55) (59) 
(17) 
(54) 
(67 26) (83) 
(25) 
(70) (58) (5 3) (67 65) (2) 
(62) (91 18) 
(45 24) (99 12) 
(75 39) (73 49) 
(27) 
(89) 
(47 37) (55) 
(42) (10) 
(42 89) 
(36) 
(4 31) (99 40) (21 11) 
(87 64) (47) (61) (21 51) 
(38 21) 
(61 84) 
(35) (68 0) (6) (42 13) 
(29 82) 
(5 83) 
(28 94) (91 51) (53) 
(4 62) 
(92) (44) 
(26 10) 
(57) (79) 
(69) (30) (69 2) 
(35) (32) 
(17 14) (40) (86) 
(73) 
(30 37) 
(39 36) (90 10) 
(27) (81 23) 
(26) (24) (98 30) 
(8 29) 
(65 72) 
(35) 
(68) (82 96) (19 38) (79) 
(96 76) (95 27) 
(87) 
(19 95) (96) 
(1) (82) 
(80 60) 
(98 68) (15) 
(43) 
(55) 
(24) 
(53) 
(72 47) (72 17) (95 54) 
(78 84) (65 75) 
(37 92) 
(45 81) (76 28) 
(96 80) 
(4 76) 
(35) 
(41 70) (64 28) 
(64 70) 
(95 7) (87) (29) 
(91 0) 
(17 82) (42 41) 
(10) (58 82) (99) (4) 
(72) 
(62) 
(91 10) 
(62) 
(53 38) 
(68 87) (58) 
(68 6) 
(82) 
(57) (40 10) (38) (87) 
(47 58) (29) 
(54 29) 
(93 95) 
(91 94) 
(75 70) (57) 
(91 6) 
(18 86) 
(87) 
(19 0) (57 35) (27) 
(82) (60) 
(26) (9 57) (73 47) (85) 
(85 18) 
(48 92) 
(53) 
(3 52) (24 29) 
(36 42) 
(69) 
(99) 
(88 94) 
(76) 
(71 31) (96 13) 
(66) (97) (45) 
(47) 
(2) 
(67 56) 
(35 68) (38) (23) 
(59) (29) 
(16) (61 99) (8) 
(93) 
(73 81) (19 44) (50) (4 79) (43 25) (20) 
(4 97) 
(39 2) (29) (5) 
(14 95) 
(61 25) 
(62 55) (63 56) (37 19) (92) (4) 
(24) 
(3) 
(27 76) (85 88) 
(0 79) (12 56) (96 92) (89 78) 
(34) (56) 
(33 19) 
(54) (71 98) 
(59) 
(92) (10 75) (26) 
(91) 
(27) (59) (34) 
(40) (38) (84) 
(59) 
(31 89) (70) (23) (82) 
(37) 
(85 93) 
(52) 
(70) (26) 
(12) (44) 
(4 57) (67) 
(71 56) (47 53) (78 79) 
(6 0) (93 41) (31 21) 
(86) (21 20) (47) 
(20 27) (64 58) 
(23) (75) (31 81) (73) 
(64 58) 
(67 78) (65) (38) 
(15) 
(88) (58) (98) 
(79) (71) 
(41) 
(44 11) (97) (66 88) 
(56 52) (63) (28) 
(4 73) (30 38) (24 13) 
(13) 
(22 21) 
(52 99) (60) 
(24) (45 53) (40 44) 
(61 65) 
(96) (52) (20) 
(38) (43 86) (13) (85 56) 
(71) (2) 
(53 80) 
(50 81) 
(7 8) (42 7) 
(77) 
(65 38) (54 5) 
(28) (28) (48 75) (8 30) (47) 
(75 20) (45 85) (41) 
(79) 
(72 41) 
(43 46) (71) 
(42) (60) 
(84 9) (7) (1 45) 
(94 17) (6 5) (15 67) 
(40 0) (28 53) 
(42) 
(49) 
(56 64) (36 87) (31 97) (12 51) 
(80 9) 
(87) (52) (27 99) (73) 
(81) (34 52) (63) 
(10 24) 
(64 43) 
(70) (44 66) 
(28 79) (36) 
(58) (70) (9) (38) 
(33) (15) (38 48) (10) 
(48) 
(3 17) (65 86) (29) 
(5 73) 
(54 64) 
(92) 
(81) (73 69) (18 46) 
(81) (40) 
(35) 
(71) (97) (1 7) 
(26) 
(16 9) (97) 
(44 5) 
(4) (78) 
(40) (5 47) 
(23) (57) 
(62 72) 
(17 60) 
(88) 
(8) 
(9) (98 41) 
(22) 
(46) 
(2 99) (56 98) (31) 
(6 23) (97) 
(2) (43) 
(33 65) (93 99) 
(55) 
(41 93) 
(70 18) 
(30 79) 
(38 20) 
(92) 
(21) (61 80) 
(52) 
(62) (76) (51) (68 6) (79 93) (0 5) (11 64) 
(40 74) 
(84 82) (43) 
(18) 
(19 45) (62) 
(11 63) (98 11) 
(63 51) 
(50) (17) (50) (56) 
(3 67) (1 64) (20 93) (91) 
(23 51) (89 41) (19) 
(66 53) 
(54 15) 
(63) 
(97) (32) 
(33 65) 
(5) 
(13 79) (8 12) 
(27) (5) (40 90) 
(68 3) 
(23 8) 
(73 39) 
(47) 
(81 87) 
(2 16) 
(52) 
(19 88) (95 24) 
(44) (5) 
(8) 
(87 25) (10 81) 
(17) (31) (11) 
(36 94) 
(75 74) (79 95) (47) 
(57 71) (99 2) (98) (0) (16 60) (87 34) (43) 
(92 90) (82 37) 
(20 77) 
(23 83) 
(14) (85) (32) 
(41 80) 
(97) (41 95) 
(81) 
(59) (84 87) 
(84) (89 75) 
(12) 
(17 14) (49 78) (87) 
(58 75) (32 80) (53) 
(17 53) (22) 