(73 9) (21 58) (33 24) (14 23) (17 88) 
(17 40) (77) (87 94) (34 84) (3 44) (37 58) (97) (92) (20) (91) 
(29 91) (86 6) (78 23) (89 73) (70 22) (93 91) (62 39) (79 31) (41 57) 
(55 62) (80 32) (77 43) (42 53) (30 87) (71 14) (95) (39) (29 75) 
(14 71) (22) (84 98) (69 74) (92) (32) (25 9) (24 17) 
(2 84) (61) (54 22) (31 47) 
(70 22) (36 18) (23 94) (21 58) (79 63) (48 80) (49) (46 39) (24) 
(14 23) (77 59) (75) 
(75 77) (51 92) (78 39) (41) (84 2) (80 64) (69 90) 
(39 62) (36 2) (53 42) (1) (57 41) (23) 
(1) (95 63) (55 30) (8 33) (49 72) (43 61) (59 77) (60) (3 12) (23 14) (73 89) (11 45) 
(49 88) (78 55) (70) (86 54) (91 77) (60 83) (97) (27 29) (20) 
(61 27) (6 38) (83 28) (0 48) (51 76) (14 23) (98 68) 
(99 76) (18) (23 14) (16) (35 60) (34 52) (3 92) (40 65) 
(84 34) (86) (25 41) (23) (4 2) 
(23 14) (37 42) (49 40) (44 3) 
(65 40) (91 77) (2 68) (52 34) (54 86) (81 72) (45) (42) (19 28) 
(77 27) (71 30) (55 62) (89 73) (43 77) (80 48) (36 2) (74 85) (92 99) (65 72) (1) (86 54) (44 35) 
(74 37) (5 42) (70) (28) (63 95) (58) (97 40) (27 29) (83 60) (80) (99 12) (18 20) 
(60 19) (29 91) (3) (46) (60 83) (35 28) (27) (26) (44) 
(3) (95 31) (91 93) (73 25) (35) (17 56) (83 28) (88) (74 37) (78) (21 90) (29) 
(28 3) (38) (2) (18 68) (16 64) (65 72) (10 37) (79) (55 78) (22) (34 84) 
(63 79) (84 2) (19 28) (49 24) (68 82) (91 77) (67) (33) (16) (53) (56 65) (55 46) 
(62 55) (64 96) (31 47) (13 11) (99 76) (26 85) 
(53 26) (92 19) (9 89) (94 23) 
(14 23) (18 84) (38 6) (37 90) (71 14) (82 4) (22) (56) (93) (80 96) (26 5) (51) (57 41) (3 44) 
(64 80) (88 49) (69) (34 36) (28 3) (46 39) (68 18) (62 71) (72) (59 61) (82 20) 
(39) (95 79) (78) (82 4) (56 17) (94 87) (51) 
(95 47) (2 52) (48 64) (6 86) (22) (65) (7 30) (76 51) (56 97) (85 90) (27 45) 
(52 34) (60 19) (87 46) (79 63) (71 94) (91 93) (29) (73) 
(29 27) (72 33) (42 5) (70 86) (43 45) (39 14) (44) (2 36) 
(83 44) (66 52) (1 24) (74 37) (54 38) (99 92) (2 68) (79 63) (64 16) (77 11) (82 4) (25 41) (61) (42) 
(2 4) (57 25) (64 80) (35 12) (87 14) (2 68) 
(2 68) (56) (59 45) (17 88) (89) (5 10) (14 55) (26 69) 
(71 14) (65) (60 19) (21) (46) (30 55) (48 80) (91 13) (88 1) (68) (51 44) (28 67) (86 54) 
(54 86) (38 86) (4) (37 90) (65 72) (89 9) (12 83) (1 24) (17 40) 
(25 89) (93 43) (95 79) (16 96) (46) 
(64 16) (60 99) (35 12) (80 64) (32 0) (14 87) (82 20) (13) (85) (59 45) (7 78) (31 79) (16) (76) (75 29) (21 10) (41 73) (90) 
(41 89) (20 2) (77 11) (47 15) (33 8) (10) (58) (23 78) (73 57) (52 18) (83 28) 
(46 23) (76) 
(76 67) (78 55) (96 16) (8 65) (38 6) (68 82) (19 92) (13 75) (41) (62 39) (48 0) (26) 
(49 8) (6 22) (45 43) (25 89) (1 56) (13 59) 
(25 9) (92 67) (84 2) 
(66 84) (49) (2 20) (7 46) (69 26) 
(26) (45 75) (24 33) 
(33) (77 75) (88 17) (68 18) (48) (23) (70) 
(86 70) (16 32) (94 7) (12) (29 75) (49 56) (17) (77 91) (93 27) (89 9) (47) (53 26) (33 72) (67 92) (70 86) (36) (84 50) (80) (45 43) 
(59 29) (65) (85) (61 75) (56 97) (0 64) (9) (86) (69 90) (42) (1 88) (46) (83) 
(45 75) (18 4) (42 53) (27 13) (77 11) (48 80) (25 57) (49 24) (72) 
(27 45) (0 32) (1 88) (70 6) (7) (43) (2 4) (63 79) (92 83) (97 24) (56 81) 
(70 54) (39 78) (36) (8 97) (73 25) (58) (0 48) (65 88) 
(58) (40 17) (61 43) (22 86) (3 76) (18 84) 
(3 12) (42) (89 57) (91 13) (73 41) (71 46) (98 84) (80 16) 
(71 94) (44 19) (58 69) (99) (15) (1 24) (32 64) (26 21) (82 4) (6 54) (89) (22) (86) (96) (91) (74 5) 
(82 52) (92 19) (47) (13 59) (1 24) (52 66) (82 4) (60 51) 
(66 68) (80 64) 
(80 0) (29 11) (49 8) 
(11) (52 34) (3) (20 2) (96 48) (26 37) (44 35) 
(37) (37 42) (68 66) (74) (9 73) (30 7) 
(37 58) (60 99) (39 78) (18 84) (89) (57 25) 
(62 39) (34 20) (57 89) (72 81) (37 58) 
(81 8) (18 68) (73) (4) (60 67) (16 0) (2 84) (1 88) (76) (86 22) (78 55) (34) 
(2) (12) (2 52) (63) (7 30) (58 21) (28 35) (78 39) (57 25) (11 13) (76) 
(37 58) (77 59) (18 36) (82 84) (37 42) (16 80) 
(42 5) (23 62) (65 72) (75 61) 
(93 75) (37 26) (71 46) (20 82) (92 19) (65 24) (60 3) (10 5) (43) (52) 
(20 50) (7) (37 26) (92) (58) (89 41) (57 25) (50) (70 6) 
(73 25) (1) (89) (50 36) (85 58) (49 88) (78 39) (68 34) (51 92) (73 9) (15) (99 44) (7) 
(44 35) (8 49) (41 57) (28) (93 91) (55 62) (94 87) (1 40) (26 69) (65) (79 15) (54 86) (66 4) (43) (76) (13 27) 
(93 75) (45) (26) (15 47) (98 68) (14 39) (92 3) (37 42) (46) (2 4) (80 16) 
(4) (99 60) (79) (74) (82 52) (39 30) (66) (53) (12) (75 93) 
(55 30) (63 31) (68 50) (86) (88) (75) (48 0) (84) (32 80) (37) (65 24) 
(68 82) (31) (0 80) (13 27) (56 1) (86 38) (91 93) (34 52) (48 64) 
(8 1) (67 28) (98) (34 84) (13 75) (2) 
(2 36) (87 46) 
(87 78) (67) (18 20) (22) (71 46) (1 24) (83 60) (21 10) (89) 
(50 20) (99 76) 
(99 60) (10) (38) (77) (2) (81 8) (39) (23 30) (72) (1) (31 63) (99) (57 25) (82 52) (41 73) (49 24) (27 61) (12) 
(88 49) (48 0) (66 4) (99 92) 
(44 99) (79 31) (64 96) (58 21) (34 36) (28 67) (82 68) (17 8) (56 81) 
(1 8) (72) (26 85) (35 76) (2 68) (6 86) (18 4) (16 64) (28) (70 22) 
(85) (3 92) (98 68) 
(98 84) (87 14) (45 11) (57 25) (36) (39) (1 40) (63) (99 76) 
(14) (8) 
(8 17) (59) (38 6) (82 84) (58) (46 7) 
(38 70) (81 24) (19 44) (14 55) (87 78) (4) 
(14 23) (14 23) (12 3) 
(99 12) (76 35) (63 31) (36) (19 92) (98) (17 56) 
(79 31) (46 7) (13 75) (66 36) (86 70) (16) (79 63) (26) (6 54) (97 8) (74 53) 
(4 66) (15 79) (42 53) (93) (44 51) (67) (77 75) (72 97) (26) (6 70) (31 95) (71 94) (87 78) (30) (43 29) 
(15 95) (72) (66 68) 
(82 68) (11) (83 60) (22) (96 64) (62) (53) (32) (35 76) (4) (77 27) 
(22 54) (85 74) (61 59) (77 11) 
(74) (49) (75 77) (25) (92 19) (61) 
(92) (22 38) (25 9) 
(38 6) (32 96) (98 36) (95) (70 86) 
(22 86) (93 43) (37) (9 25) (14) (48 32) (54 6) (68 82) (64) (36 66) (72) (94 39) (12 19) (15) (76) (0 96) 
(15 79) (7 30) (45 59) (88 1) (91 93) (5 90) (26) (8 49) (86 22) 
(62 7) (46) (37) (52 34) (64 32) (31 63) 
(15 31) (46 7) (73 89) (24) (8 65) (18 4) (14) (64 80) (82) (68) 
(18 20) (49 24) (38) (21 58) (23 46) (60 99) (40 17) (6) (98 4) (81) 
(4) (48 16) (29 91) (36 66) (24) (26) (44 35) (86 6) (99) (41) 
(68 66) (21) (11) (46 23) (71) (1 40) (63) (64 48) (93) 
(80 48) (9 89) (96 32) (54) (19 92) (49 72) (38 70) (39) (25 73) (67 76) (35) (56 17) (50 36) (71 30) (10) (34) (45 75) 
(73 25) (95 63) (30) (83) (24 97) (36 50) (4 66) (67) (98 84) (72) 
(47 95) (30 71) (26 53) 
(74 53) (16) (94) (67 76) (50 84) 
(96 16) (95 47) (19 76) 
(60 19) (7) (62) (91 45) 
(27 45) (26 69) (86 22) (88 49) (89 73) 
(53 26) (5 10) (63 95) (2 52) (65) (90) 
(52 98) (32 48) (90 53) (33 88) (31 47) (12 19) (74) (66 68) 
(47 79) (56 97) (95) (89 9) (65) 
(89 9) (22 70) (77 75) 
(61 75) (28) (66 52) (94 55) (89 25) (83 44) (86) (7) (38 6) (81 72) (62 39) 
(6 54) (83 28) (84 34) (25 41) (11 93) (32) (24) (37 10) (99 12) (52) (23) 
(65 24) (40 81) (89 41) (22) (64 48) (17) (56 65) (18 68) 
(64 0) (26) (44) (0 16) 
(26 69) (30 87) (55) (67 44) (43 61) 
(83 44) (80) (5 26) (55 78) (9 25) 
(9 41) (81 88) (54 86) (96 32) (40 1) (22 6) (98 84) 
(38 54) (95 63) (52 34) 
(63 31) (50 36) (78 71) (47 15) (1) (17) 
(84 50) (11) (34 4) (57 9) (71 62) (14 7) 
(46 71) (91) (0 64) (51 44) (50 4) (16) (35) (65 56) 