(43) (6 86) (92) (74 5) (76 51) (13 59) (83) (30 71) (3) (39 46) (0 32) (44) 
(86) (69 42) (10) (7) (2) (75) (98 4) (28) (8) (35 12) (97 24) (48) (65) (37) (53 26) (27 77) (11 93) 
(96 48) (44) (81 40) (76 67) (42 85) (38 22) (16) (98) (51) (12 3) (31) (93) (7) (79) (91) (45 59) (30 23) (35 60) 
(81) (86) (26 5) (85 90) (77 43) 
(86) (84 34) (68 66) (17 56) (98) (43 29) (97) (38 70) (9 41) (36 82) (94 23) 
(98 20) (98 20) (38 22) (40 81) (16) (53 26) (45) 
(49 40) (88 49) (95 31) (45) (0 96) (58) (68) (36 34) (81) (74) (9 89) (55 30) 
(71 30) (54 86) (27 13) (74) (77 11) (94) 
(27) (23 30) (76) (99) (24) (65 40) (92 19) (63) (22 6) (56) (12) 
(70 6) (35 60) (5) (88) (6) (97 56) (25 73) (42) (41) (76 3) 
(42) (0 16) (22) (42 53) 
(22) (54) (3) (97 8) (83) (48) (15) (24 65) (45 75) (93) (77) (92 99) (7) (60) 
(77 11) (37) (16) (49 56) (70 54) (30) (95 47) (62 55) (78) (14 71) (67) (6) (35) (4 50) (97 8) (9) (1) 
(8 97) (60) (83 28) (4 82) (21) (84) (41 57) 
(35 28) (86) (75 13) (64 0) (59) (34) (63 15) (57 89) (53) (72) (18 68) (37 90) (5 74) 
(61 59) (53 10) (67 44) (73 89) (76) (36) (16) (6 22) 
(44 19) (18 68) (73) (70 38) (91) (0) (13) (54) (9) (14 39) (32) (7 62) (44 67) 
(13 11) (88 97) 
(97 88) (40 65) (58) (83) (3) (24) (85 90) (20) 
(49 40) (95) (53 90) (84) 
(95 31) (51 60) (18) (58 53) (70) (61 43) (31 47) (86 22) (50) (74) 
(52 50) (66) (69 26) (50) (14) (62) (81) (60) (35) 
(21 26) (29) (58) (96 64) (91) (79) (11) 
(61 91) (23) (78) (98) (46) (17) (55) (24) (49 88) 
(78) (73) (49) (37) (52) (86) (18 20) (19) (54) (66) (8) (40) (35 76) (48) (55) 
(65 8) (67) (92) (51 12) (57 25) 
(83 92) (27) (53 26) (9) (73) (57) (55) (3 12) (76) (13) (60) (88) (96 0) 
(89 57) (50) (75) (43 93) (69) (24 49) (21) (17) (37) (16) (85 10) 
(56 17) (14 71) (61) (43 45) (86 54) (58) (89 41) (57) (27 13) 
(58) (91 13) (48 96) (40 65) (6 70) 
(38 70) (38 70) (44 3) (14) (96 48) (15 63) (13) (72) (10 21) (9 73) 
(48 32) (95) (87) (97 8) (78) (83 60) (5 58) (41) (1) (63) (61) (59) (25 57) (96) (94) (12 99) (13 91) 
(5 74) (1) (7) (94 71) (31) (32) (76) 
(55 94) (32) (11 45) (15) (9 57) (22) (85) (1) (27 61) (16) (92) (25) 
(41 9) (39 30) (67) (68 50) (73 25) (86 70) (16) (23) (48) (56) (78 55) (69) (99 44) (97) 
(23) (74 53) (46 87) (34) 
(7 46) (72) (15 31) (97) (27) (96 0) (59) (88) (18 20) 
(97 8) (67 60) (63) (99 92) (10 69) (78 7) (83) (61) (54) (52) 
(92 35) (62 39) (91) (32) (4 66) (92 35) (1) (76) 
(34 4) (13 27) (44) (50) (2 4) (75) (72) (38 54) 
(4) (12) (95 31) (91 61) (98 52) (86) (64 32) 
(91 77) (95 15) (83) (97) (26) (27 93) (65 56) (91) (76) (44) (72 33) 
(97) (70 22) (52) (87) 
(70) (6) (91 13) (57) (46) (24 49) (92) (8) (43) (61) (27) (20 34) (94 23) (51 60) (95) (25) (36) (96) (62) (22) (77) (66) (17 56) 
(29 91) (81) (64 80) (58 85) (67 92) (46 7) 
(90 85) (3 76) (75) (31 95) (38 22) (74 69) (2) (47) (40) (78 23) 
(76) (20 98) (49) (30) (78) (80 48) (1) (12 51) 
(30 7) (64 96) (49 56) (72 1) (19) (55) (11 29) (82 20) (85 58) (94) 
(96 16) (6 54) (25) (49 24) (97) (11) (81 56) (82 84) (46) (62) 
(24) (85 74) (14) (39 30) (51 28) (56 17) (20) (91) 
(20) (4 66) (25) (40 65) (70) (48 16) (27) (15 95) (13 75) (96 0) (20) (83) 
(13 11) (59 61) (24) (56 49) (32 0) (13) (72 81) (86) 
(32 96) (74) (1 56) (29 59) (35 76) (69) (8) 
(97 8) (96) (63 47) (72 17) (60 99) (42) 
(12 99) (14) (21) (59) (63 15) (34 84) (64) 
(21 10) (33) (10 21) 
(33) (42) (37 26) (43 93) (3) (79) (24) 
(17 24) (3 28) (50 84) (64) (51) (65 88) (63 31) (56 97) (82) (9) (58 69) (76) 
(9) (82 4) (89 73) (6) (54 22) (7 78) (35) (93 91) (44) (33) 
(22) (61 59) (4 34) (62 23) (48) (89 25) (86 70) 
(48) (80 96) (86) (25 89) (70 6) (3 76) 
(3 28) (71) (70 86) (58) 
(86) (76 67) (15) (48) (44 35) 
(12 35) (73) (95 79) (94) (89) (17 24) (86 22) (48) (11) (58) (2 84) (3) (76 67) (80 0) (54) 
(80 0) (24 65) (93) (85 74) (26) (54) (11 45) (38) (60 99) (40) (80) (30 55) (63) (5 90) 
(72 65) (45 59) (65 40) (83) 
(45) (10 5) (51 92) (86) (43) (56 49) (76 35) (79) 
(86 54) (82 4) (21 74) (0 80) (7 14) (39) (66) (30) (25) (78 55) 
(0 48) (86) (80 96) (18 36) (92 83) (65) (5) (49) (50) (22 70) (64 32) (13 91) (85) 
(65) (41 89) (40 33) (77 91) (32 64) (72) (74 69) (81 56) (79 95) (75) (23 46) (12) 
(73 41) (95) (76 99) (21) (27) (36 34) (56 65) (67) (41 89) (4 18) (44) (80 32) (55 14) (90) 
(41) (24) (79 63) (48) (76 19) (56 97) (90 69) (44 67) 
(69 74) (72 65) (94) (33 56) (91) (69) (13) (62 87) (53 10) (54 38) (4 98) (27 93) (25) (83 76) (46) (48) (15 47) (26) (59) 
(41 25) (77) (2 84) (96 80) (62 71) (46) (51) (45 27) (65) (38 22) (26 37) (98) (89) 
(2) (49) (18 84) (21 10) (38) (70 86) (47) (25) (95 63) 
(21) (62 55) (81 56) (61 43) 
(55 62) (91 13) (6 38) (96 64) (69) (59) (26) (47 79) (70 54) 
(91) (86) (98 52) (32) (66 68) (48 96) (40) (77 75) (49 56) (13) 
(33 56) (94 39) (93 11) (59) (32) (69 42) (84) (6 22) (21) (55) (88) (64) 
(42 85) (58) (45) (17) 
(11 45) (26 21) (54) (45) (51 44) 
(21) (26) (27) (92) (34) (79) (1 72) (28 51) (44 67) (74) (64) (38) (88) (66 20) 
(67) (14 39) (8) (84) (23) (44) (21 42) (97 24) (64) (83 60) (20) (19) (99 28) 
(67 44) (72 65) (75 77) (21 90) (59 45) (38) (4 34) (17) (62 7) (42) (73 41) 
(73) (63) (16) (12 99) (53 58) (22) (23) 
(23) (4) (86 70) (30 7) (18) (55 78) (6) (62) (8) (73) 
(8 97) (80 0) (81 24) (40) (53) (43) 
(53) (77) (61 75) (65) (30 23) 
(39 30) (1 72) (77) (17 24) (42 21) (2) (15) (49) (59) (83) (90) (11 29) (70) (87 14) (19) (12) (7) (30) (53) 
(2) (43) (96) (74) (95) (9) (80 0) (90) (12 3) (22 86) (35 76) (33 88) (64) (52) (1 72) (31) (20) (98) (69) 
(83 76) (22 70) (3 92) (17) (57 89) (60) (62 55) (19 44) (81 88) (14 39) 
(62 39) (5) (37) (78) (43 77) (4) (74 21) (45) (87 94) (73) (84 34) (46) (88) (40) (32 0) (85 58) (57) 
(27 77) (73 9) (48 64) (24 33) (76) 
(9 25) (28) (22 6) (7 78) (37 42) (47 15) (73 57) (85 58) 
(85) (16) (51) (91 77) (80) (39 62) (75 93) (8 81) (15) (30) (10) (48 64) (98) (58) (18 52) 
(77) (98) (80 16) (10 53) (47 95) 
(10) (83) (51 12) (32 48) (70) 
(70 22) (34 84) (92 67) (79 15) (9 73) (55 78) (35 12) (43 61) (17) (81) (21) 
(34 84) (49) (10 5) (92) (33 8) (98) (62 39) (56 97) (91) (96) (86 70) (35) (21) (37) (53 26) (25) (41 9) 
(81 8) (14 71) (12 83) (59) (76 67) (57 9) (97) (22) (32) (73) (23) (25) (86) 
(22 86) (45 75) (16 32) (90) (67) (29) (19 44) (40) (94) (89 25) (54 86) (60) (42 37) (13) (72 17) 
(42) (9 41) (3) (19) (61 91) (76 99) 
(76) (12) (38 6) (24) 