(69 42) (35 28) (62) (15 95) (46) (36) (79) (2) (33) (85 58) (17) (25) (77) (87) 
(31 95) (72) (77 59) (54) (29) (85) (53) 
(85) (49) (21) (80) (1) (58) (67 76) (42) (72) (66 36) (97) (45) (14) (46) (5) (68) (59) (33) (29) 
(1) (18) (91) (85 42) (5 74) 
(18) (24) (23) (81) (79) (22) 
(24) (61 43) (52) (56) (95) (78) (55 94) (74) (51 76) (45) (68) (27) (89) (75) (77) (11) (5) (14) 
(74) (1 8) (32 16) (7) (71) (19) (72) (76) (74 69) (26) (13 59) (86) 
(74) (30 71) (48) (31 63) (8) (26) (29) (88) (91 45) (43) (64 80) (28 19) 
(30 55) (40) (35) (88 97) (11) (32) (84 18) (19) (64 96) (72 81) (46) 
(18) (69 74) (8) (68) (80) (83) (11) (29) (10) (60) (71) 
(16 80) (64) (4) (60 3) (52 82) (94 71) (1) (79 95) (63) (90) (83 92) (41) (89) 
(94) (74 69) (50) (4) (53) (12 67) (22) (80) (31) (52) (34) (85) (24) (75 45) (26) (92) (29 91) (51) (15) 
(29) (50) (55) (77) (58) (45) 
(55) (58) (34) (15) (83) (23) (28) (98) (69) (86) (17) (75) (62) (47) (22) 
(61 75) (8) (67) (99) (94 55) (4) (82) (34) (9) (90) (6) (79) (61) (95) 
(25 9) (60) 
(60) (44) (25) (97) (74 5) (9) (30) 
(9) (39 94) (45) (69 74) (95) (32) (76 67) (60 19) (40) (55) 
(16 32) (3) (21) (40) (85 90) 
(40) (8) (35) (29) (27 77) (47 79) (57 25) (18) (82 20) (96) (4) (6) 
(4) (27) (61) (54) (85) 
(54) (5 90) (77 43) (96) (84 82) (92 3) (64) (66) 
(43) (16 32) (66) (21) (10) (90) (7 78) (42 53) (3) (27) 
(90) (2) (89) (3) (95) (99 12) (33) (0) (8 1) (16) (74) 
(28 3) (39 78) (9) (30) (33) (98 4) (6) (55) (32) (76 99) (7) (90 5) (91) (25) (54 70) (11) 
(98) (38) (23) 
(23) (93 11) (18) (71) (79) (5 42) (22) (69) 
(18) (4 34) (44) (87) (17 88) 
(87) (61) (38) (11) (60 3) (22 86) (67) (14) (92) (36) (12) (9) 
(12) (50 20) (47) (44 67) (78) (51) (45) 
(44) (70 22) (75) (56) (59 13) (83) (65) (9) (40) (82) 
(54 70) (48 32) (57 9) (2) (81 40) (4) (19) (21) (88 1) (54 70) (69) (46 71) (58) (73) (33) (16) 
(69) (21) (53 90) (89) (94) (71 46) (84) (69) (45) (77) (19) (7) 
(7) (16) (6) (72) (34) (12) (71) (8 33) (17) (68) (60 19) 
(88 33) (6) (90 69) (28) (95) (31) (10) (48) (17) (91) (15) (96 32) 
(17) (31) (53) (71) (59) (97 24) (15) (37 90) (45) (0) (19) (17) 
(15) (12 67) (81) (62 23) 
(3 12) (0 80) (56) (95) (48) (98) 
(32 0) (68 18) (6 22) (78) (63) (48) 
(6) (26) (35) (66 68) (70) (38) (17) (21) (39) (3) (6) (60) (61) (12 99) 
(35) (14) (16) (10 5) (37) (25) (39) (17) (47) (49) (42) (99) (53) 
(99) (37) (29) (91 13) (97) (77) (66) (74) (78) (3 12) (32 64) (51) (20) (34) (45) (10) 
(51) (8) (21 90) (1) (92) (49 56) (18) (93) (27) (77) (20) (53) (32) (89) (60) (29) (7) 
(1) (76 83) (99 60) (58) 
(58 69) (29) (84) (35) (28) (45 11) (37) (33 56) (24) (69) (90) 
(83 28) (40) (48 64) (60) (24) (90 5) (33) (91) (67) (74) (9) 
(85 90) (70) (76) (67) (4) (19) (14) (75 29) (44) 
(29) (5 10) (90) (52) (84) (57) (30) (45) (77 27) (89) (44) (83) (34) (71) (96) (63 47) (80) (11) 
(96) (56) (57) (54) (81) (70) (19) (16) (21) (97 72) (26) (60) (73) (3) (79 47) (38 86) (75) (59 61) 
(75) (55 62) (84 18) (33) (19) (9) (43) (54) (7) (12) (38 22) (8) (70) 
(35 12) (74 53) (58) (26) 
(53) (75) (41 57) (53 42) (30) (46) (33) (70) (0) 
(42) (4) (27) (83) (16) (87) (13) (53) (93) (39) (10) (28 3) (42) (24) (89) (47) (44) (1) (69) (15) 
(47) (4) (95) (1) (34 84) (78) (15) (70) (8) (82) (25 57) (13) (97 72) (50) (79) (33) 
(95) (77) (36) (71 30) (96) (64) (50) (42) (55 78) (57) (9) 
(9) (73 25) (86) (91 93) (1) 
(25) (13) (4) (40) (20) (89) (62) (39 46) (14 87) (54) (63) (78) (68) (75) (38) (2) (1) 
(1 72) (27) (84 50) (32) (59) (76) (2 68) (87) (94) (93) (29) (31 47) (42 85) (48) (5) (53) 
(76) (65) (49) (25) (38) 
(25) (31 63) (45) (73) (32) (80) (26 5) (97) (40) (72) 
(45) (2 4) (99 44) (71) (53) (70) (16 0) (64) (84) (91) 
(70) (0) (32) (30 23) (72 33) (86) (10) (52 18) (70) (47) 
(18) (91) (10) (60 51) (20 2) (41) (66 52) (58 37) (49) (77 27) (72) (90) (81) 
(73 41) (81 24) (93) (79) (57) (82) (0 48) (41) (59) (43 61) (64) (80) (52 66) (85) (12) 
(85 26) (4 50) (12) (81) (99) (97) (9) 
(81 56) (63) (96) (33) (6) (38 86) (51) (1 56) (55) 
(51 12) (76) (10) (75 93) (28) (88) (57) (79) (7 46) 
(10 5) (64 48) (33) (68) (75 29) (7) (44 35) (84) (99) (66) 
(99) (23 46) (95) (43) (99) (50) (76) (71) (63) (8) (68) (73) (35 28) (42) (78) (64) (56) 
(50) (55) (75) (46 23) (73 25) (95) (71) (32) (63) (1) (22) (81 8) (58) (89) 
(1) (48) (64) (82) 
(16 64) (41) (86 38) (0) (67) (96) (90 37) (64) (46) (85) (4) 
(18 4) (68) (62) (88 17) (50) (21) (13) (95) (82 84) (47) (99) (16) (7) (25) 
(82) (48 96) (21) (51) (71) (32) 
(96 80) (16) (23) (51) (39) (15) (47) (90 69) (18 36) (37 58) (10 21) (46) (25 73) (6 86) (56) (41 89) (67) (30) (34 52) (27 77) 
(39) (56 1) (43) (51 12) (85) (44) (89) 
(43 77) (18) (34) (51) (45 59) (8) (16) (80) (29) (61 43) (67) (30) (21) 
(51) (6 22) (13) (93 11) (43) (47 31) 
(47) (14 71) (39) (9) (87) (60) (72) (50 52) (59) (74) (13) (27) (7 78) (32) (33) (64) (62) 
(87) (88) (83) (80) (20) 
(80) (27 61) (18 68) (15) (51) (54) (99 44) (83) 
(86 54) (41) (30) 
(30) (48) (67) (61) (76) (57) 
(48 0) (36 50) (86) (64 32) (54) (38 70) 
(70 38) (69) (95) (87) (65) (8) (0) (68) (81) 
(81) (53) (81) (91) (13) (40) (78) (11) (0 96) (8 49) (80) 
(56 81) (85) (26) (18) (56 33) (77) (67) (10) (99) (59) (48 96) (70 54) (43) 
(16 48) (12) (75 77) (63) (55 94) (69) (22) (14) (86) (19) (50 68) (25) (29 27) (99) 
(22) (52) (36) (66 84) (23) (42 53) (94) (69) (0) (57) (59) (9) (83 92) (98) (61 43) (21) (31 63) (90 85) 
(23) (6) (9) (23) (46) (37) (66) (18) (71) (13) (56 17) (82) (52) (94) (76 67) (15 31) (29) (39) 
(39) (54) (7) (28) (70) (47) (80 96) (66) (72 1) (95) (6) (64) (39) (41) (99) (69) (97) (15) (75) (37) (62) (51) (94) (30) (93) (20) (56) (78) 