(85 20) 
(6) 
(30 79) 
(4) 
(51 18) 
(13 25) (10 11) 
(27) 
(22 7) (95 30) (6 87) 
(42 86) 
(90 6) (80 4) (1 2) (35 98) 
(86 98) (97 85) (1) 
(66 83) 
(25 13) (95 91) (0 68) (44) 
(52 40) 
(18 81) (93 44) (69 70) 
(47 30) (4 37) (39 86) 
(28 13) (70 58) 
(2 17) (39 70) (89 45) 
(22 26) 
(28 24) 
(45 44) (45 92) 
(19 55) (9) 
(96 52) (0 68) 
(12) (31 78) (14 93) (18) (72 36) 
(66) 
(70 90) 
(14 63) 
(99) 
(66 97) 
(22 2) 
(9 61) (62 74) 
(40 41) 
(42) 
(50 65) 
(56 41) 
(56 89) (76 88) 
(89) (92 88) (22 18) 
(32 36) (39 83) 
(39 51) 
(67 7) (64 1) (78 95) 
(63 91) (99 71) 
(79 78) (5 97) (32 17) (48 84) 
(45 28) 
(96 81) 
(32 1) (88 84) 
(95 78) (26) 
(19) (22 69) (25) (92) 
(62 77) 
(83 39) 
(1 16) (86) 
(10 89) (31 62) 
(21 6) (22 58) 
(59 95) (83 82) (44 40) 
(74 86) (24 25) (67 7) (69) 
(89 24) 
(25 69) (91) (35) (7 43) 
(70) 
(50 54) (86) 
(7 86) 
(61 89) (51 2) (61 46) 
(14 63) (73 72) (76 77) 
(2 17) (4 16) (57 72) (54 2) 
(5) 
(6 21) 
(3 55) 
(6 58) (98 54) 
(75 39) 
(22 37) (0 97) 
(0 20) (27) 
(99) (65) (4 85) (86 87) 
(18) 
(84) 
(28 8) 
(73 53) (80 33) (11) 
(78 10) (42 22) (17 2) 
(61) 
(76 45) 
(12 77) 
(32) (5 97) (11 90) 
(95 62) 
(59 74) 
(27) 
(23 75) (69) (58) (73 77) 
(45 60) 
(26 43) (62) (85 36) (81 37) 
(73 42) (48 52) (54 58) (86) 
(13 78) (72 60) 
(0) 
(42) (4) (48 17) (19) 
(50 35) (87 3) 
(87) (75 74) (63) (56 57) 
(98 83) 
(36 53) 
(17 0) (6 26) 
(66 17) 
(51 18) (26 46) (67 39) (47 78) (86 2) 
(95) (57 42) 
(59 42) (29 57) 
(80) (26 89) 
(14 77) (34) (57 93) (6 37) (14 31) 
(78) 
(27 90) 
(0) (20 69) (32 52) 
(62) (79 62) 
(24) (68 85) 
(8 84) (57 45) (79 43) (86 66) (87 67) (82) (80 81) (46 63) 
(21 9) 
(57) 
(49 50) (16 84) 
(29 9) (59) (39 43) 
(39 43) 
(20) 
(97 64) (44) 
(93) (86 21) 
(67) (14 63) 
(32 17) (69 57) 
(43 42) (7 86) 
(36 85) (2 65) 
(29 44) 
(19) (98 49) (20 80) (85) 
(82 6) 
(50 38) (5 38) (0 33) 
(59) (30 58) (7) (71 3) 
(59 74) (77 14) 
(73 85) (37 38) (59) (63 75) 
(65 37) (27) (11 74) 
(41 74) 
(22 42) (28 88) (10) 
(75 87) 
(23 99) (12 40) 
(53 73) 
(31) 
(50 51) 
(38) 
(88 4) (86) (51 87) (80 4) (55 38) 
(1 2) 
(49 85) 
(30 93) 
(64 68) (7) 
(89 45) 
(94) 
(62) 
(63) 
(30 90) (96 65) 
(44) 
(58 41) 
(72 84) 
(15 43) 
(16 65) (25 90) 
(94 26) (41 58) (19 66) 
(81 34) 
(34) (81 2) (13 12) 
(45 41) 
(90 6) (45 73) (84 69) (66 19) 
(1 32) (4 37) (78) 
(5) (20) (33 18) 
(61) 
(50 86) (32 17) (0) 
(35 23) 
(59 39) 
(69 65) (87 6) (23 75) 
(29) (7 75) 
(14 15) 
(37 70) 
(39 67) (24 9) 
(4 64) (47) 
(10) (74 78) (19 82) (58) (38 42) 
(19 82) 
(79 75) (76 8) (74 41) (7) 
(45) 
(55 67) (0 4) (27 71) (81 5) 
(89 72) 
(81 53) (0) 
(35 39) (6 85) (88 12) 
(35 18) 
(17 48) 
(96 33) 
(35 66) 
(78 63) 
(51 23) 
(85 22) (79 14) (52 0) 
(16) (66 22) 
(69 73) 
(11 74) 
(56 84) 
(1 96) 
(19 66) 
(10 41) 
(12 56) 
(51 2) 
(26 43) 
(32 49) 
(87) 
(12 13) (60 61) (40 76) 
(46 61) (39) 
(91) (48) 
(77 94) 
(46 45) (32) 
(29 73) (22 42) 
(72 36) (98) (82 33) 
(80 33) (21 22) (76) (42 57) 
(98 17) (91 31) (79) 
(20) 
(26 46) 
(29) 
(82 51) 
(14) (43 23) (36 0) (91) (76 40) (5 89) 
(23) 
(6 90) 
(51 66) 
(6 69) 
(36 8) 
(91) 
(61 44) 
(47 46) 
(83 55) (22 21) 
(20) 
(77) (31 43) (11 71) 
(41 13) 
(95 14) 
(41 29) (34) (89) 
(43 31) 
(16 52) (13 92) 
(43 58) (29 41) 
(3 18) (78 42) (43) 
(98 49) 
(52 88) (43 63) (75) 
(63) 
(36) 
(90 27) 
(25 58) 
(59 74) 
(43 7) 
(27 55) 
(26 11) (82) 
(46 58) (71 43) 
(57 90) (68) 
(51 66) 
(2) 
(92 13) (32 33) 
(66 35) (73 88) (58 54) (75) (36) 
(21) (37) 
(80) 
(47 43) 
(18) (43 74) (46 77) (3 71) (7 35) (59 23) 
(48 81) 
(59) 
(70 87) (25 10) 
(39 70) (92 77) 
(16 81) (29 94) 
(16 97) (22) 
(61 41) (46 61) 
(55 35) 
(66 70) 
(73 42) 
(32 68) (96 4) (91) (83 34) (28 88) 
(30 47) (55 83) 
(95 75) (98 65) 
(27 47) (64 68) 
(71 51) 
(68 16) (58 11) 
(62 61) 
(83 7) 
(15 91) (2) (24 9) (77 41) (40 84) (46 29) 
(4 0) (9 42) 
(10) 
(42 54) (14) (17) 
(86 42) 
(40 57) (2) (61 9) (14 93) 
(41) 
(77) (84 48) 
(96 97) 
(43 90) 
(43) (63) 
(36 72) (44 77) 
(45 30) 
(89 10) 
(51 23) (21 97) 
(33 64) (54 98) 
(17 2) (41) (93 9) 
(4) 
(32 84) 
(18 22) (52) (77 30) 
(78 77) 
(60 45) (12 61) 
(98) 
(88 92) 
(16) (25 53) (38 98) (83) (31 91) 
(47 91) (89 85) 
(6 85) 
(0 68) (78 45) 
(78 79) (79) (39 99) 
(90) 
(74 9) 
(9 93) 
(28 45) 
(40 73) 
(37 36) (25) (92 93) 
(25 93) 
(43) (23 59) 
(26 6) 
(72 76) (23 19) (50 49) (85 17) 
(51 18) 
(4 80) (26 43) 
(89 10) 
(17 32) (25 10) 
(22 18) 
(14 93) 
(24 12) 
(14) (36 96) 
(27 31) (2 65) 
(0 65) 
(95 43) (36) 
(30 58) (79 91) (31 27) (14 29) 
(65 48) (16) 
(94 74) (24 60) 
(56) (8 41) (22 71) (36 53) (65 37) 
(57 5) 
(16 52) 
(29 60) (0 36) (60 8) 
(32 52) (43 74) (0) 
(68 56) 
(85 86) 
(25 10) (7) (54) (52 16) (46 15) 
(46) 
(92 45) (69 54) 
(36 21) (28 56) (5 33) 
(12 93) (45 62) (2) (73 42) (76 77) (8 36) (55 99) 
(4 72) 
(23 70) 
(55 22) 
(36 64) 
(95 14) (11) (71) (90 89) 
(62) (42) 
(39 11) 
(48 81) (53) (86) (57 69) 
(38 53) 
(78 74) 
(69 36) 
(62) 
(74 22) 
(27) 
(13 78) 
(1 16) 
(27 7) (6 21) (20 37) 
(27) (76 56) (80) 
(89 53) (77 89) (20 69) (90 38) 
(29 57) 
(1 66) (58 46) (49 53) 
(10) (56 4) (80 33) (74) 
(90 46) 
(37 70) 
(27 47) (51) 
(43) (28 29) 
(16) (99 23) 
(23 54) (46) 
(88 41) (29 62) 
(2 38) 
(1) 
(9 26) 
(72 25) 
(16 65) (33) 
(78) 
(2) (10 11) (2) 
(63 46) 
(52 69) 
(38 7) (28 56) 
(66) 
(70 39) 
(82) 
(30 45) 
(79 11) (7 19) 
(72 44) 
(96) (23 6) 
(85) 
(58 11) 
(73 45) 
(26 86) (53 20) (64 52) 
(94 29) (5) 
(65 5) 
(41 24) (46 10) (17 34) 
(62 31) 
(23 38) (31 59) (11 87) (58 38) (88 4) 
(92 24) 
(76 29) (46 26) 
(94 10) 
(53 70) (28) (59) (96 84) 
(15 59) (85) (60) (21 38) (67) 
(82 35) 
(15) 
(27 7) (39) 
(7) 
(55 22) (67 23) (33 66) 
(48) 
(76 88) (74 57) 
(38 2) 
(44 56) (0) (65 2) 
(8 60) 
(30 61) (0 81) 
(75 58) 
(35 18) (0) 
(82 33) 
(73 72) (92 88) (87 43) 
(48 49) (83 71) (13 44) 
(48 97) (20 0) (6 42) 
(31 43) 
(32 33) (14) 
(57 5) 
(17 18) (11) 
(27 23) (95 11) 
(19) (96 49) 
(96 33) 
(86 37) 
(88 89) (88 9) 
(85) 
(99 71) 
(24 4) (57 53) 
(96 33) (42 91) 
(95) (49 69) 
(54) (23 22) 
(13) (58 41) 
(75 58) 
(62) (61 78) (60 13) 
(23 70) 
(68 40) (51 66) (31) 
(55) 
(5) 
(99 50) (89 69) (99 71) (21 20) (25 85) (50 65) (95) 
(89 69) (20 80) 
(13 60) (46) 
(5 89) 
(65) (30 26) 
(98 83) 
(90 6) (64 81) (91 71) 
(75 90) 
(52 37) 
(41) (66) 
(47 94) 
(23) 
(91 71) (98 17) 
(1 21) 
(92 24) (68 96) (46 42) (82) 
(65 53) 
(92 56) (41) (12 45) (39 11) 
(12 56) 
(57 45) 
(66 19) (10 9) (88 28) 
(4) 
(18) 
(54) 
(76 77) (59 7) (78) 
(15 43) (10 89) (59 79) (55 35) 
(26 75) 
(18 97) (8 73) 
(22 42) (40 57) 
(28) 
(33 85) (21 54) (48 17) 
(32 97) (85) (38 55) 
(37 49) 
(94) 
(73 8) (61) 
(29 9) 
(18 99) 
(64 1) (40 9) 
(26 75) (58 6) (70 90) 
(35 55) (28 61) 
(53 4) (6 5) 
(67 18) (67 23) (3 55) (61 76) (4 72) 
(69 4) (66) 
(63 30) 
(63 62) (84) (16) 
(90 11) (27) 
(84 53) 
(53) 
(15) 
(60 77) 
(54 26) (66 54) 
(91) (52 24) (57 61) (94 31) 
(28) (8 89) 
(18 3) (98 54) 
(51) (86 69) (41 93) 
(93) 
(64 68) 
(16 52) (91) 
(93) (27 39) (53 68) 
(72) 
(60 56) 
(58) 
(39 59) (73 56) (37 4) (59 7) 
(16 68) (54 74) 
(53) (47 11) 
(39 59) 
(78 63) (43) (41 5) (36) (33 96) (87) 
(39 59) (74) (96 17) 
(4) (96 68) (85) 
(2 6) (68 56) 
(73) (3) (30 47) 
(58 14) 
(52 88) 
(38) (57 53) 
(80) (79 30) (96 36) (4) 
(54 37) (57 61) 
(79 27) 
(25 45) (39 83) 
(54 34) (99 34) 
(80 36) 
(21) 
(9) (34 65) 
(55) (15 94) (8) (1 85) (18 54) (29 9) (3) 
(80 33) 
(68 85) 
(66 38) 
(28 40) (80 20) 
(79 30) 
(33 50) 
(96 20) (20 85) (39 35) (71 51) 
(91 15) 
(48 4) 
(53 6) 
(60) 
(9) (37 70) 
(9 58) (70 71) 
(70 71) (86) (98 3) 
(92) 
(10) 
(59 79) 
(78 63) 
(28) 