(64 33) (83) (77) 
(83 2) 
(71 83) (53) (96) (1 32) 
(34) (43 39) 
(23 51) 
(65 37) (33 48) (63 43) (83) 
(90) (15) (45 60) (29) 
(18) (4) (91 55) (0 97) (75 10) 
(6 23) (37) (93 14) 
(21) (0) 
(10) 
(92 61) (91 90) (81 37) (4) 
(40 60) (94) (21) 
(87) 
(71 99) 
(14) 
(65 64) 
(14 63) (31) 
(22 69) 
(25) (75 79) (68) (26 27) (51 66) (37 81) 
(16 81) 
(91 31) (13) 
(77 12) 
(40 28) (41) 
(17) 
(8) 
(11 58) 
(70 90) 
(1 34) (52 56) 
(9) (84) (31) 
(24 44) (8 84) (12) (94) 
(51 18) (14 13) 
(92) 
(60 24) (20) (97 5) 
(93 41) (60 56) (1) (23) (97 82) 
(44 88) (88) (27 55) (12 40) 
(34) 
(11 26) 
(9) 
(61) 
(54 37) (26) (56 20) 
(97) (98 70) (63) 
(57) 
(94 45) 
(8) 
(29 62) 
(78) (38 7) (33 0) 
(20 8) 
(28 24) 
(37) (55 27) (59) (25 58) (98 67) 
(95) (40 25) 
(81) (2) 
(70 7) (65) 
(18) (36 21) 
(3) 
(30 31) (63 59) 
(45 78) 
(96) (47 14) (5) (74) (20) (18) (65 66) 
(81 66) (26 94) 
(34) (92) (35 7) (80 4) 
(4 37) 
(17 18) 
(92) 
(86) 
(90) (41 21) 
(21) (50) 
(79) 
(86 26) 
(40 9) (56) 
(47) (70 2) (59) 
(30) (10 25) 
(43 74) 
(42 14) (68 48) (64 20) 
(49 34) 
(55) (69) (67 50) 
(85) (53 6) (0 52) 
(36 53) (87) (37 84) (54 42) 
(50 22) 
(78) 
(12) (74) 
(8 76) (16 20) (46) 
(46) (1 80) 
(40 68) 
(54 85) (6) (14 10) (59) 
(41 74) (73 8) (29 9) (78 45) 
(24) (7) 
(50 70) 
(80 20) (68 0) 
(42 62) 
(19) (84 80) (70 50) 
(53) (81 2) (31 59) 
(2) 
(90 30) 
(77) (52) 
(45) (19) (13) (76 40) 
(3) (42 89) (21 57) (55 3) 
(53) 
(70 42) (91 71) 
(53 38) (92) (49 18) 
(75) (91 90) (20) (19) 
(85) 
(67) 
(79) (88) 
(17 85) 
(75) (56 60) 
(83 87) 
(37) (46) 
(67) 
(44) (27 23) 
(19 34) (2 35) (62 42) 
(44 8) 
(82 83) 
(91) (28) 
(79) (57 74) 
(66) 
(71 59) (7 99) (96 84) 
(8) (6) 
(92 24) 
(67) 
(98 99) 
(27) (79 78) (51) (98 65) 
(13 41) (55) (18 65) (43) 
(33) 
(84 21) 
(85) (72) 
(28 24) 
(34 19) 
(79) (76 77) 
(91 42) (21) (48) (0 84) 
(49 48) (88 68) (93 28) (22) (40 92) (18) (24) (2) 
(37 81) (91) (77 62) 
(73 24) (27 39) 
(15 78) 
(5 54) 
(17 18) (10 89) (91 42) (73 72) (15) 
(48 4) (54 66) (9 61) 
(62 61) 
(90 62) 
(14) 
(59) (15 78) 
(16) (88 57) (74 89) 
(59) (51) 
(46 95) 
(35) 
(85 38) (90) (97) 
(3 23) (20) 
(49) (92) (0) (49) (67 87) 
(81 48) (33) (26) (25) 
(90) 
(74) 
(75) 
(55 22) 
(19) (25 13) 
(18 35) 
(93) (69 49) (28) 
(94 77) (25 72) 
(14) 
(0 4) (73) 
(88 57) 
(69 54) 
(22) 
(25 42) 
(12 93) 
(75) (76) (60) (21 97) 
(92) (88 44) 
(92 13) 
(65) 
(39 22) 
(95 30) 
(53 70) 
(64 1) (88) (77 28) (69 49) (55) 
(99 82) 
(51 18) 
(39 54) (92) 
(67 87) (59 15) 
(94) (31) 
(56) (48) (20) (49 37) (78) 
(94) (76 77) 
(77 73) 
(51) 
(99) 
(48 49) 
(62 77) 
(91 42) (72) (86 10) 
(90 46) (57 88) 
(38) 
(26 43) 
(54) 
(94) (64) 
(3 2) (26) (27) (88) 
(62) (35) 
(64) 
(68) (12) (21 36) 
(59) 
(85) 
(81 16) (29 41) 
(33 50) 
(50) 
(21 20) (55) (5) 
(49 53) 
(18 33) (74) (10) (65) (49 48) 
(88) 
(43) 
(34 49) 
(44 56) (74 43) 
(91) (44 29) (5) 
(33) 
(52 21) 
(0) (91) (92) 
(1) (16 1) (48) 
(50 3) 
(33) (86) (27 55) (7 54) (38 21) 
(37 9) 
(31 91) (80 1) 
(4) 
(54) 
(50) (58 75) (52 85) 
(21) 
(40 25) (71 6) 
(80 65) (77) 
(48) (4) (95 27) (72 41) 
(45) (86 74) 
(34 3) (47 43) 
(15 78) (49) 
(40 57) (51) 
(22 39) 
(63) (97 2) (89) (73) (78) (25 26) 
(51) (81 37) (68 53) 
(8) (16) 
(25) 
(91 63) 
(81) 
(52) 
(49) (53 54) (80) (52) 
(33 85) (73 45) (16 33) 
(53) (80) (32 20) (28) (53) 
(49 66) 
(25 56) (91 58) (44) (40) 
(42) (82) 
(53 57) (71) 
(2 99) 
(74 70) 
(85 73) (2 54) (11) (0 97) (87) 
(54 69) 
(54) 
(59) (25) (20) 
(74 38) (93) 
(17 37) (7) (19 18) 
(85) (9) 
(15 78) (98 67) 
(57) 
(28) 
(43) (47) (51 7) (55 91) (31) 
(6 37) 
(35) (33) (25) 
(44) (93 76) 
(6) 
(20) 
(31 62) 
(66 83) (2) 
(32) (24) 
(35 2) (75 31) (7) 
(60) 
(8) (72 68) 
(57 10) 
(80) (7 35) (70) 
(75 26) 
(91 26) 
(60 56) 
(79) 
(95 46) (8 41) 
(68 88) (83) (34 70) (69 22) 
(45 12) (44 93) 
(54 71) 
(67) 
(11 58) (11 90) 
(5 38) (66) 
(87) 
(71) 
(29 73) (56) (66) (77) 
(80) 
(14) (85) (30 77) (6 58) 
(4) 
(24 36) 
(98) (57 88) (20 37) 
(73 88) 
(19 55) (96) 
(83) (50 17) 
(44) (1 2) (30) (81) 
(65 5) (56 84) 
(6) (25 53) 
(40 4) (40 9) 
(3 18) (24 4) 
(58) (32) (86) (19 18) 
(74 9) 
(81 34) 
(2) 
(62 61) 
(9 69) 
(2) 
(41) 
(85) (65) (17) (97 16) (92) (53) 
(40 84) 
(67 7) 
(57 77) (64 97) (99 2) (26) (46 47) (9) (55) 
(49 98) (41 88) 
(58) (6) (59 10) (71) 
(94 47) (81 80) (38 39) 
(53) 
(43 74) 
(99) (8 25) 
(59 71) 
(98 54) 
(89 24) (55) 
(53) (79) (63) (67) 
(28 77) 
(94) (71) 
(38 74) 
(6) 
(97) (58 41) (72) (21 89) 
(10 9) 
(21) (94 93) (46) (66 65) 
(96) 
(17 98) (51 55) 
(62 90) 
(3) (67 66) 
(57) 
(82 17) (51) (89 5) (61) 
(66) 
(5) 
(27) 
(82 86) 
(29) 
(84 48) 
(95 59) 
(46) (15 59) 
(63 94) (96) (69 86) 
(56 73) 
(25 56) (45) 
(60 77) 
(62) (37 81) (84 64) 
(33 85) (54) (97) 
(75 95) (30) 
(11 58) 
(7 59) (14) 
(19) 
(34) (73) 
(26 43) 
(61) (93) 
(82) (15) (63) 
(93 78) (33) (42 94) (88 76) 
(71 54) (61 76) (39) (9 40) 
(41 93) 
(29) (31) 
(13) (83 98) 
(93 73) 
(3 18) 
(26) (60) (40 36) 
(60 56) (73 85) 
(18) (65 69) (32 97) (4) 
(46) 
(48 33) 
(20) (6) 
(66) 
(1) 
(31) 
(48) 
(7 99) 
(14) 
(22) (51 23) 
(83 87) 
(78) 
(90) (81 82) (66) 
(8 9) 
(66) 
(57) 
(30 58) 
(96) 
(67) 
(73 90) 
(49) (81) 
(10 6) 
(88 57) 
(42 14) 
(42 6) (12 29) (96 97) 
(98) 
(34) 
(8) (21) 
(4) 
(18) 
(67) 
(18 83) 
(2 70) (78) 
(63 94) 
(6 39) 
(12 93) (47) (37) (31) (16 49) 
(6 39) 
(41) 
(41) 
(64 33) 
(45 46) (17) 
(94 26) (57 37) (19) 
(72) 
(20) (23 38) 
(96 84) (65 66) 
(34 67) 
(7) 
(1 82) 
(49 66) 
(17) (14 93) (33 64) (58) (16) 
(72) (15) 
(47) (47 14) (82 19) 
(67) 
(87 54) (20 88) (90 91) 
(85 89) 
(11 95) 
(95 30) (50) (62 77) 
(50) 
(70 69) 
(99) (99 23) (63) 
(15 91) 
(42 41) (47) (42) 
(12) 
(66) 
(71 22) (81 48) (34) (59 7) (93 62) (19 82) (10 94) 
(94 45) (98) 
(56 4) 
(79 43) 
(83) (55) (47) 
(72 60) (61 9) 
(30 26) 
(0 84) 
(22) 
(54) 
(38 42) 
(39 27) 
(73 88) (42 94) 
(10 41) 
(10) (81) (93) 
(40 57) 
(11 39) 
(49 0) (16) 
(21 68) 
(13) (43) 
(64) 
(48) 
(77) 
(29 44) 
(81 18) (71) (9) 
(6 18) 
(81 32) (76 8) (21 68) (37) 
(2) 
(57 29) 
(27) (18) (50) 
(60 13) (64) 
(0 33) (75) 
(29) (30 42) (89 37) 
(77 12) 
(26) 
(41) 
(82) 
(25) (60 93) 
(66) (11 90) 
(85) (48 4) (53 81) 
(25 26) 
(97) (57) 
(65 34) (89 42) 
(9) (3 98) (78 61) 
(62 29) 
(9) (60) 
(45 44) 
(90) (21) 
(41) 
(50 22) (6) (67) 
(63 14) 
(18 67) 
(64) (30) 
(69 25) 
(9) 
(28 29) 
(8 73) (54) (15 14) (0 68) (60 45) 
(72 9) 
(63) (34) 
(35) 
(12) 
(2 33) 
(20) (55 91) (19 2) (5) 
(69 70) 
(4) 
(26 46) 
(63) (81 96) (8 9) 
(71) 
(70) 
(1 0) (33 69) (0 36) (53) 
(81 85) (76 24) (2 65) 
(38) (85) (15 30) 
(28) 
(83) (95 14) (82 81) (3) 
(9) 
(86) (74) 
(59) 
(82 3) (4) 
(41 53) (10 22) (18 38) (91) (50 67) 
(50 83) (72) (21 84) 
(52 48) 
(21 9) 
(68 32) 
(76 56) 
(19 98) 
(49) 
(24 52) (93 14) 
(98) (14) (40) (90) 
(84) (9 26) (3) 
(51) (35 2) (44) (13) 
(85 89) (9 40) 
(7 38) 
(15 11) (26 73) 
(69 97) (38 7) 
(12) 
(34) (58 41) 
(6) 