(90) 
(90) 
(54) (17) 
(40) (61) (45) (72 4) (41) 
(39) 
(34) (33) 
(86) 
(27 95) (99) (16 49) 
(70) 
(97) 
(22) 
(50) 
(33) 
(13 25) 
(48) (63) (74 14) 
(11) 
(24) (45 28) (1) 
(66) 
(9) (2 17) 
(91) (98) 
(98) (18) (24) (90) (51) (30) 
(34) 
(7) 
(95 94) (18) (0) 
(68) (3) 
(66 83) 
(37 4) (28) 
(99) 
(28) (94) (29) (61) (19) (1) (44) (16) 
(19) 
(82) (9) (77) 
(55) (56) (62) (38) 
(27) (20) 
(90) (24) (15) 
(54) 
(45) (21) 
(72 25) (6) (21) (85) 
(18) (57) 
(78) (52) (72) (18) (65 64) 
(73) (81) 
(92 24) (41) (29) 
(68) (42) 
(75) (16) (40 20) (70 58) (41) 
(59 39) (33) (81) (72 41) (73 93) (19) (29) (40) (38 71) 
(89 21) 
(93 89) 
(12) 
(16 68) (43 7) 
(7 75) 
(64) (23) (92) 
(15) (61 78) (44) 
(38) (4 37) (70) 
(63) 
(49) (56 44) 
(33) (40 84) 
(47) (63 75) (14) 
(11) 
(66) 
(68) (80) (51) 
(28) (95 62) 
(19) 
(64 84) (5) (7) 
(14) 
(24) (46) 
(84 8) (38) 
(93) (14) 
(92 40) (1) 
(91) 
(64 33) 
(68) (84 5) 
(13) 
(27) 
(2) 
(53) 
(23) (21) (4 48) 
(26 25) (95) (81) (13) (34) 
(85) (47) (60) 
(43) 
(68) 
(8) 
(89 53) 
(6 87) 
(55) (38 98) (0) 
(66) 
(47) (67) 
(28) (91) 
(57) 
(18) (64) 
(38) (91) (63) 
(69) (56 25) 
(86) (98) 
(81) 
(58) (12) 
(9 10) (75) 
(8) (87) 
(96) 
(46) 
(73) (37) (59 23) 
(54) (90) 
(20) 
(13) (30) 
(59) 
(25) 
(54) (68) 
(83 2) (36) 
(25) 
(69 41) 
(69) 
(70) 
(17 82) (56) 
(26) (92) (56) (34) (79) 
(99) (23) (40) 
(8) 
(12) (49 98) 
(89) 
(52) (96) (14) 
(59) (28) (24) (99) 
(46) 
(62) (25 53) (44) (0) (29) 
(92 29) (75 31) (14) (39 51) (17 53) 
(19) 
(0 4) 
(70) (16) (99) 
(1) 
(18) 
(80) (4) (98) (67) 
(32) 
(60) (27) 
(28) (6 58) 
(20) 
(15) 
(22) (99) 
(37 9) 
(15) (89 37) (5) (52) 
(29) (63) 
(12) 
(40 52) 
(25) 
(12 56) 
(70 50) 
(33) 
(83) (44) (20) (93) 
(99) (9) 
(53) (36) (2) 
(78) (49 16) (23) (57 56) 
(7) (21) (15) 
(68 37) (59) 
(15) 
(31) (16 81) 
(10 86) 
(15) 
(12) 
(53) (28) 
(59 87) (47) 
(25) 
(48 65) 
(89) 
(19) (11 90) 
(51) 
(97) 
(35) 
(23) 
(79) (6) (99) (15) 
(93) (66) (46) 
(91) 
(22 66) (0) 
(54 2) 
(60 88) (70) (54 53) 
(21 9) (52 37) (22) (62) 
(33) (9) (45 92) 
(13 30) (9 74) (18 54) 
(82) 
(87) 
(0) (42) 
(61) (45 28) 
(63) (79 94) 
(48) 
(90 41) (10) (84) (34) (91) 
(83) 
(29 28) (62) 
(86) 
(35 82) 
(40 20) 
(22 21) 
(71) (6) (39 83) (3) 
(75 26) (88) (20) (28) 
(12) 
(46) 
(23) 
(50) 
(15) 
(73) (21) 
(52) (93) 
(63) 
(18 70) 
(87) (90) 
(92) 
(12 88) 
(99) 
(74) (76 8) (0) (30) 
(82) (73) 
(28 56) 
(56 60) (5 68) (79) (9) 
(85) 
(23) (66) (3 23) 
(48 97) (85) 
(40 57) 
(28) 
(4 16) 
(20) (81 18) (47) 
(47 43) 
(19) 
(56) 
(22 53) (57 58) (24) (39) (40 25) 
(69) 
(86 85) 
(62) (90 38) (4) 
(35) (83) (15) 
(78) (1) (66) (24) 
(46) (55) (12) (46 61) (67 66) 
(96 97) (97 32) (2) (47) 
(61) (70 58) (18) (6 87) (81) (66) (93) (96) (14) (13 25) 
(34) 
(88) 
(51) 
(11) 
(21 38) 
(18) (0 20) 
(60) 
(6) (64 17) (87) 
(94) (65) (40) (28) (9) 
(56) 
(17) 
(96) 
(59) 
(23 83) (14) (36) (30 15) (12) 
(17) 
(51) (18) 
(15) 
(98) (53) 
(40 84) 
(6) (25) (41) (98) (13) 
(59) 
(57) 
(49) 
(30 31) 
(25) 
(28) 
(59) (22) (89) 
(87 59) (78) 
(86) 
(60) 
(99) (21) 
(33 48) (37) (17 50) 
(84) 
(35 2) (86) (99) 
(44) (35) 
(24) 
(62) 
(50) (26) (24) (4) 
(3) 
(69 49) (99) 
(40) 
(65) (87) (37) (22) (57) (40 25) 
(31) 
(22 26) 
(38) (7) 
(13) (99) 
(9 77) 
(74 75) 
(89 77) 
(38 71) (74) 
(57) 
(23 54) (32) (30) (23) (45) 
(94) 
(68) 
(42) 
(50) (95) (27) (47) (32) 
(34 19) 
(63) (12) 
(29) 
(41 26) 
(88) (26) (82) 
(2) (99 7) 
(91) 
(30) 
(18 17) (32) 
(61) (67) (18) (30) 
(53) 
(75) 
(56) 
(96) 
(18) (26 14) (35) (60) (41) (27) (30) 
(80) (2) 
(2) 
(60 93) 
(96) (68) 
(60) 
(22) (55 91) 
(89 37) (50 97) (90) 
(26) 
(90) (35 50) 
(43) 
(20) (14) (98) 
(7 86) (48) (51) (4) (36) (61) 
(53) 
(91) (8 9) 
(42) (11) 
(27 87) (53 73) 
(46) (68) 
(17) 
(62) (16) (79 75) (0 49) 
(59 39) (0 84) (75 71) (50) (8) (2) 
(17) (11 7) (9) (45) (48) (58) 
(52) 
(50 35) (82 97) (40) 
(17) 
(60) (9) 
(82) 
(69) (97) (39 22) 
(5 49) 
(38) (7) 
(25) 
(99) (9 40) 
(65) (96) (72 68) 
(29) (2 49) (17 96) 
(28) 
(75) (58) 
(54) 
(16 36) (92) (34) (72) (0) 
(76) 
(74 9) 
(38) (68) 
(59) (39) 
(12 56) (7) 
(86) 
(68) (94) (88 68) (10 86) 
(46 58) 
(23) (26 78) (20 0) (77) 
(46) 
(91) (22) 
(96) 
(50) (60) (20 69) 
(81) (66) (83 18) 
(3) 
(30) 
(71 27) (3) (66) (85) (41 53) 
(67) 
(27 58) (0) 
(78) (18) 
(22) (93) 
(11 39) 
(9) (49 66) (70) (29) 
(22) (38) 
(73) 
(40) (12) 
(4) 
(54) (90) 
(75) (48) 
(20) (91) 
(70) 
(28) (65) (16 33) 
(65) 
(3) 
(76 13) 
(46) (9) 
(74 94) (58) (66 70) 
(55) (59) 
(43) 
(86) 
(14) 
(51) (86) (94) (64) (68) (58) 
(51) 
(49 21) 
(65) (74) 
(83 71) (1) 
(8) 
(49) (64) 
(92) 
(33) (69) 
(21 65) 
(9) (7) 
(95) (66) 
(25) (56) (2 3) 
(76) 
(10 41) (23 67) (93) 
(77) (15) (93) (59) 
(61 9) 
(15 11) 
(82) 
(9 21) 
(40) 
(20) (40) 
(32 65) 
(33) (69) (4) (29) (68 48) 
(79 78) 
(66) 
(66 6) (70) 
(83) 
(74) (62 29) (58) (97 34) 
(51) 
(95) (99) (34) 
(38) 
(93) 
(48 49) (32) 
(13 28) (30) 
(72) (19) (4) (75) 
(54) (96) (32) 
(5) (46) (58) (15) 
(72 25) 
(50) 
(47) 
(41) (36) 
(36) (11 74) 
(93) (90 43) (86 18) (3) (16) 
(42) (11) (87 38) (22 10) (27) 
(92 61) 
(56 92) 
(82 54) (84) (19) 
(49) 
(13) 
(57) 
(60) 
(56) (42 30) 
(52) 
(58) 
(51 7) (59) (3) (75) 
(19) 
(83) (1) 
(35) (96) (76 56) 
(25) (21) 
(67 18) (79) (18) 
(76) 
(87) (15) 
(59) (55) (94) (58 54) 
(80) 
(23) 
(68) 
(15) 
(76) (14) 
(1) 
(74) 
(62) (59) (78) (79) 
(97) (74 6) (50) (52) (36) 
(66) (1) (50 70) 
(3 34) (9) 
(58) 
(91) (59) 
(6) 
(94) (9) 
(54) (33) (70) 
(19) (52) (90) (82) (36 96) (77) 
(80) 
(12 72) 
(76) (25) 
(70) (71) (47) (69 6) (23 3) (13) 
(34) (70) (90) 
(16) (9) 
(0 4) 
(91 79) (28) 
(53) (3) 
(61 9) (27) 
(29 76) (9) (66) (0) 
(51) (38) (8 44) (87) (82) 
(75) (52) 
(14) 
(47) (19 23) (42 78) (54) 
(78) (52) 
(92) (36 88) (61) 
(0) (68) (20) (49 64) 
(93) (59) 
(40) (7) 
(87 19) 
(4) (44) 
(89) (56) 
(82) (84) 
(74) (42 6) 
(92) 
(48) 
(94) (61 76) (55) 
(82 65) (7) (85) 
(53) 
(12 40) 
(77) 
(20 37) 
(24) 
(67) 
(93) (67) (14 61) (40 68) 
(36 16) 
(69) (77 41) 
(82) 
(0 65) 
(56) 
(95) 
(96) 
(45) (46) 
(37) 
(55) (51) (2) 